"Pos","PIC","#","Name","Class","Laps","Total Time","Total Time (ms)","Best Time","Best Time (ms)","Best Speed","Best Lap","Diff","Gap","Points","Start Pos","Total distance","Laps led","Startgrid Comment","First Name","Last Name","2nd Best Time","2nd Best Time (ms)","Pitstops","S1 Best Time","S1 Best Time (ms)","S2 Best Time","S2 Best Time (ms)","S3 Best Time","S3 Best Time (ms)","FirstName","LastName","Additional1","Additional2","Additional3","Additional4","Additional5","Additional6","Additional7","Additional8","CarRegistration","DriverRegistration","Transponder1","Transponder2","Start PIC","Pos Gained","Pos Gained Overall"
"1","1","55","Spike Kohlbecker","Am","13","45:30.201",2730201,"2:45.121",165121,"87.514","4","","","0","4","52.182","3","2:31.821","Spike","Kohlbecker","2:45.469",165469,"","47.288",47288,"1:02.456",62456,"54.866",54866,"Spike","Kohlbecker","","219122","GR Cup","Toyota GR86","TechSport Racing","Toyota Gazoo Racing","USA","","entries:events-2024-sro-roadamerica:qb5D7KtWiQ1wImNux2J9e","entries:events-2024-sro-roadamerica:qb5D7KtWiQ1wImNux2J9e","11385466","",4,"3 (4 → 1)","3"
"2","2","99","Jaxon Bell","Am","13","45:30.399",2730399,"2:43.993",163993,"88.116","4","0.198","0.198","0","3","52.182","0","2:31.578","Jaxon","Bell","2:45.415",165415,"","47.112",47112,"1:01.711",61711,"54.775",54775,"Jaxon","Bell","","219090","GR Cup","Toyota GR86","Copeland Motorsports","Toyota Gazoo Racing","USA","","entries:events-2024-sro-roadamerica:L4svYhWaV7bAYTb7gx_Yk","entries:events-2024-sro-roadamerica:L4svYhWaV7bAYTb7gx_Yk","13153784","",3,"1 (3 → 2)","1"
"3","3","44","Henry Drury","Am","13","45:30.800",2730800,"2:44.529",164529,"87.829","4","0.599","0.401","0","16","52.182","0","2:32.963","Henry","Drury","2:45.911",165911,"","47.146",47146,"1:02.034",62034,"54.787",54787,"Henry","Drury","","219270","GR Cup","Toyota GR86","Precision Racing LA w/ PT Autosport","Toyota Gazoo Racing","GBR","","entries:events-2024-sro-roadamerica:T8-Gg4Nw53ju-7AmzFv6X","entries:events-2024-sro-roadamerica:T8-Gg4Nw53ju-7AmzFv6X","14864382","",16,"13 (16 → 3)","13"
"4","4","71","Christian Weir","Am","13","45:32.036",2732036,"2:45.590",165590,"87.266","5","1.835","1.236","0","11","52.182","0","2:32.719","Christian","Weir","2:46.547",166547,"","46.958",46958,"1:02.634",62634,"55.589",55589,"Christian","Weir","","219115","GR Cup","Toyota GR86","TechSport Racing","Toyota Gazoo Racing","USA","","entries:events-2024-sro-roadamerica:dgdHim7lSv6OeB54CH-dl","entries:events-2024-sro-roadamerica:dgdHim7lSv6OeB54CH-dl","12055196","",11,"7 (11 → 4)","7"
"5","5","13","Westin Workman","Am","13","45:32.905",2732905,"2:45.078",165078,"87.537","4","2.704","0.869","0","2","52.182","0","2:31.525","Westin","Workman","2:45.974",165974,"","47.551",47551,"1:02.116",62116,"55.411",55411,"Westin","Workman","","219250","GR Cup","Toyota GR86","Copeland Motorsports","Toyota Gazoo Racing","USA","","entries:events-2024-sro-roadamerica:hD6hW-LR9D78RdD6WPa7B","entries:events-2024-sro-roadamerica:hD6hW-LR9D78RdD6WPa7B","15241424","",2,"-3 (2 → 5)","-3"
"6","6","35","Yuki Sano","Am","13","45:33.731",2733731,"2:43.773",163773,"88.234","4","3.530","0.826","0","13","52.182","0","2:32.786","Yuki","Sano","2:44.274",164274,"","46.518",46518,"1:01.755",61755,"54.464",54464,"Yuki","Sano","","218666","GR Cup","Toyota GR86","BSI Racing","Toyota Gazoo Racing","JAP","","entries:events-2024-sro-roadamerica:SGxs0OcT4j8VZFKSDT3Wu","entries:events-2024-sro-roadamerica:SGxs0OcT4j8VZFKSDT3Wu","15330235","",13,"7 (13 → 6)","7"
"7","7","22","Devin Anderson","Am","13","45:34.616",2734616,"2:44.728",164728,"87.723","4","4.415","0.885","0","12","52.182","0","2:32.727","Devin","Anderson","2:45.866",165866,"","46.750",46750,"1:02.061",62061,"55.091",55091,"Devin","Anderson","","219213","GR Cup","Toyota GR86","TechSport Racing","Toyota Gazoo Racing","USA","","entries:events-2024-sro-roadamerica:Nf9380ruVBvpzLJIBMVKV","entries:events-2024-sro-roadamerica:Nf9380ruVBvpzLJIBMVKV","11308725","",12,"5 (12 → 7)","5"
"8","8","18","Jordan RickSegrini","Am","13","45:34.799",2734799,"2:45.548",165548,"87.288","5","4.598","0.183","0","7","52.182","0","2:32.274","Jordan","RickSegrini","2:46.306",166306,"","46.964",46964,"1:02.254",62254,"55.064",55064,"Jordan","RickSegrini","","219283","GR Cup","Toyota GR86","BSI Racing","Toyota Gazoo Racing","USA","","entries:events-2024-sro-roadamerica:tpKEZVHYVqQZV-NqYUfSq","entries:events-2024-sro-roadamerica:tpKEZVHYVqQZV-NqYUfSq","12415550","",7,"-1 (7 → 8)","-1"
"9","9","31","Luke Rumburg","Am","13","45:35.969",2735969,"2:45.700",165700,"87.208","4","5.768","1.170","0","17","52.182","0","2:33.073","Luke","Rumburg","2:46.235",166235,"","47.275",47275,"1:02.551",62551,"55.507",55507,"Luke","Rumburg","","218701","GR Cup","Toyota GR86","RVA Graphics Motorsports by Speed Syndicate","Toyota Gazoo Racing","USA","","entries:events-2024-sro-roadamerica:k-FNVudhy0tU_MCkW46pC","entries:events-2024-sro-roadamerica:k-FNVudhy0tU_MCkW46pC","16199534","",17,"8 (17 → 9)","8"
"10","10","76","Steven Clemons","Am","13","45:36.570",2736570,"2:46.483",166483,"86.798","4","6.369","0.601","0","10","52.182","0","2:32.630","Steven","Clemons","2:47.077",167077,"","47.251",47251,"1:02.767",62767,"55.230",55230,"Steven","Clemons","","219225","GR Cup","Toyota GR86","BSI Racing","Toyota Gazoo Racing","USA","","entries:events-2024-sro-roadamerica:LzpJU2nVv3F8SWM5x93a2","entries:events-2024-sro-roadamerica:LzpJU2nVv3F8SWM5x93a2","13032211","",10,"0 (10 → 10)","0"
"11","11","5","Gresham Wagner","Am","13","45:37.336",2737336,"2:44.798",164798,"87.686","4","7.135","0.766","0","1","52.182","4","2:31.133","Gresham","Wagner","2:45.101",165101,"","47.559",47559,"1:01.480",61480,"55.226",55226,"Gresham","Wagner","","219203","GR Cup","Toyota GR86","Copeland Motorsports","Toyota Gazoo Racing","USA","","entries:events-2024-sro-roadamerica:bh3bFx4kTb_2Qc4V9O0m-","entries:events-2024-sro-roadamerica:bh3bFx4kTb_2Qc4V9O0m-","15257379","",1,"-10 (1 → 11)","-10"
"12","12","36","Kazuhisa Urabe","Am","13","45:38.704",2738704,"2:45.582",165582,"87.270","3","8.503","1.368","0","18","52.182","0","2:33.161","Kazuhisa","Urabe","2:46.270",166270,"1","47.456",47456,"1:01.873",61873,"54.902",54902,"Kazuhisa","Urabe","","219199","GR Cup","Toyota GR86","Precision Racing LA","Toyota Gazoo Racing","JAP","","entries:events-2024-sro-roadamerica:YcMBGik9PIxttSD4_i7Z0","entries:events-2024-sro-roadamerica:YcMBGik9PIxttSD4_i7Z0","11358964","",18,"6 (18 → 12)","6"
"13","13","46","Lucas Weisenberg","Am","13","45:38.725",2738725,"2:46.461",166461,"86.810","3","8.524","0.021","0","6","52.182","0","2:32.219","Lucas","Weisenberg","2:46.704",166704,"","47.537",47537,"1:02.942",62942,"55.573",55573,"Lucas","Weisenberg","","219272","GR Cup","Toyota GR86","Lucas Racing","Toyota Gazoo Racing","USA","","entries:events-2024-sro-roadamerica:ARQWJ3HmX1N_3ylnjSiZG","entries:events-2024-sro-roadamerica:ARQWJ3HmX1N_3ylnjSiZG","12208074","",6,"-7 (6 → 13)","-7"
"14","14","15","Bennett Muldoon","Am","13","45:39.392",2739392,"2:46.121",166121,"86.987","4","9.191","0.667","0","14","52.182","0","2:32.939","Bennett","Muldoon","2:47.384",167384,"","47.518",47518,"1:02.683",62683,"55.393",55393,"Bennett","Muldoon","","219284","GR Cup","Toyota GR86","Bennett Motorsports","Toyota Gazoo Racing","USA","","entries:events-2024-sro-roadamerica:yzN5L0ak1c7FQB9cKeB6-","entries:events-2024-sro-roadamerica:yzN5L0ak1c7FQB9cKeB6-","11530888","",14,"0 (14 → 14)","0"
"15","15","50","Casey Mashore","Am","13","45:39.887",2739887,"2:46.396",166396,"86.843","3","9.686","0.495","0","15","52.182","0","2:32.955","Casey","Mashore","2:46.652",166652,"","47.566",47566,"1:02.598",62598,"55.781",55781,"Casey","Mashore","","219242","GR Cup","Toyota GR86","Mashore Autobody","Toyota Gazoo Racing","USA","","entries:events-2024-sro-roadamerica:dHzaf2Rx08WFNp8PxVO4o","entries:events-2024-sro-roadamerica:dHzaf2Rx08WFNp8PxVO4o","10127188","",15,"0 (15 → 15)","0"
"16","16","57","Mia Lovell","Am","13","45:45.715",2745715,"2:45.733",165733,"87.191","4","15.514","5.828","0","5","52.182","0","2:31.932","Mia","Lovell","2:46.591",166591,"","47.370",47370,"1:02.623",62623,"55.458",55458,"Mia","Lovell","","218686","GR Cup","Toyota GR86","Copeland Motorsports","Toyota Gazoo Racing","USA","","entries:events-2024-sro-roadamerica:bHcfFqDc-j3MPwk_egwHY","entries:events-2024-sro-roadamerica:bHcfFqDc-j3MPwk_egwHY","10314665","",5,"-11 (5 → 16)","-11"
"17","17","21","Ford Koch","Am","13","45:46.012",2746012,"2:47.213",167213,"86.419","4","15.811","0.297","0","8","52.182","0","2:32.316","Ford","Koch","2:48.176",168176,"","47.817",47817,"1:03.065",63065,"56.031",56031,"Ford","Koch","","219073","GR Cup","Toyota GR86","Eagles Canyon Racing powered by Fast Track","Toyota Gazoo Racing","USA","","entries:events-2024-sro-roadamerica:yrtaXHS96_qt-TjOdE6JB","entries:events-2024-sro-roadamerica:yrtaXHS96_qt-TjOdE6JB","10837109","",8,"-9 (8 → 17)","-9"
"18","18","39","Maximilian Hewitt","Am","13","45:47.989",2747989,"2:46.433",166433,"86.824","4","17.788","1.977","0","19","52.182","0","2:33.192","Maximilian","Hewitt","2:46.462",166462,"","47.883",47883,"1:02.346",62346,"55.758",55758,"Maximilian","Hewitt","","219206","GR Cup","Toyota GR86","BSI Racing","Toyota Gazoo Racing","USA","","entries:events-2024-sro-roadamerica:cdVC2L-YkHFsIHNXUNexL","entries:events-2024-sro-roadamerica:cdVC2L-YkHFsIHNXUNexL","13778007","",19,"1 (19 → 18)","1"
"19","19","11","Farran Davis","Am","13","45:55.378",2755378,"2:47.131",167131,"86.462","5","25.177","7.389","0","20","52.182","0","2:34.390","Farran","Davis","2:48.458",168458,"1","47.666",47666,"1:02.745",62745,"55.901",55901,"Farran","Davis","","219268","GR Cup","Toyota GR86","RVA Graphics Motorsports by Speed Syndicate","Toyota Gazoo Racing","USA","","entries:events-2024-sro-roadamerica:DcoT89dz0-odfmPj54OBt","entries:events-2024-sro-roadamerica:DcoT89dz0-odfmPj54OBt","10741809","",20,"1 (20 → 19)","1"
"20","20","24","Jade Avedisian","Am","13","45:56.173",2756173,"2:43.541",163541,"88.359","5","25.972","0.795","0","27","52.182","0","2:33.217","Jade","Avedisian","2:44.795",164795,"","46.924",46924,"1:01.371",61371,"55.130",55130,"Jade","Avedisian","","219104","GR Cup","Toyota GR86","Nitro Motorsports","Toyota Gazoo Racing","USA","","entries:events-2024-sro-roadamerica:I3iuI5ezz3Adm1-ASEGz3","entries:events-2024-sro-roadamerica:I3iuI5ezz3Adm1-ASEGz3","10544198","",27,"7 (27 → 20)","7"
"21","21","86","Andrew Gilleland","Am","13","45:59.986",2759986,"2:52.948",172948,"83.553","2","29.785","3.813","0","22","52.182","0","2:35.817","Andrew","Gilleland","2:53.737",173737,"","49.260",49260,"1:05.574",65574,"57.923",57923,"Andrew","Gilleland","","218694","GR Cup","Toyota GR86","Eagles Canyon Racing powered by Fast Track","Toyota Gazoo Racing","USA","","entries:events-2024-sro-roadamerica:M2QtXrrvUzMvLkqLo1IQO","entries:events-2024-sro-roadamerica:M2QtXrrvUzMvLkqLo1IQO","16239460","",22,"1 (22 → 21)","1"
"22","22","61","James Klimas","Am","13","46:06.957",2766957,"2:55.179",175179,"82.489","4","36.756","6.971","0","23","52.182","0","2:36.556","James","Klimas","2:56.064",176064,"","49.462",49462,"1:07.042",67042,"58.404",58404,"James","Klimas","","219118","GR Cup","Toyota GR86","Skip Barber Racing","Toyota Gazoo Racing","USA","","entries:events-2024-sro-roadamerica:asPfaMPs_rUk3dgCfbxdz","entries:events-2024-sro-roadamerica:asPfaMPs_rUk3dgCfbxdz","12079696","",23,"1 (23 → 22)","1"
"23","23","20","Ramon Llano","Am","13","46:07.261",2767261,"2:57.574",177574,"81.377","6","37.060","0.304","0","24","52.182","0","2:41.198","Ramon","Llano","2:57.706",177706,"","50.527",50527,"1:07.105",67105,"58.840",58840,"Ramon","Llanos","","219131","GR Cup","Toyota GR86","Eagles Canyon Racing powered by Fast Track","Toyota Gazoo Racing","MEX","","entries:events-2024-sro-roadamerica:QscMiw1vH6o_NYfqNSd8b","entries:events-2024-sro-roadamerica:QscMiw1vH6o_NYfqNSd8b","14496123","",24,"1 (24 → 23)","1"
"24","24","09","Maddie Aust","Am","13","46:14.758",2774758,"2:45.717",165717,"87.199","4","44.557","7.497","0","21","52.182","0","2:35.156","Maddie","Aust","2:46.642",166642,"","47.756",47756,"1:02.424",62424,"55.122",55122,"Maddie","Aust","","218788","GR Cup","Toyota GR86","BSI Racing","Toyota Gazoo Racing","USA","","entries:events-2024-sro-roadamerica:XVIdfc8eA1U99Aj9FAF_R","entries:events-2024-sro-roadamerica:XVIdfc8eA1U99Aj9FAF_R","12372615","",21,"-3 (21 → 24)","-3"
"25","25","14","Alex Garcia","Am","12","45:11.299",2711299,"2:43.549",163549,"88.355","4","1 Lap","1 Lap","0","9","48.168","6","2:32.413","Alex","Garcia","2:44.484",164484,"1","46.617",46617,"1:01.173",61173,"54.297",54297,"Alex","Garcia","","219120","GR Cup","Toyota GR86","Skip Barber Racing","Toyota Gazoo Racing","USA","","entries:events-2024-sro-roadamerica:INFBUUJgZrzc_6oIT8ylN","entries:events-2024-sro-roadamerica:INFBUUJgZrzc_6oIT8ylN","15057570","",9,"-16 (9 → 25)","-16"
"","","25","Alfonso Diaz","Am","","","","","","-","0","","","0","25","-","0","","Alfonso","Diaz","","","","","","","","","","Alfonso","Diaz","","219082","GR Cup","Toyota GR86","TechSport Racing","Toyota Gazoo Racing","PRI","","entries:events-2024-sro-roadamerica:eVkoMKY49tz3H8brn-dWS","entries:events-2024-sro-roadamerica:eVkoMKY49tz3H8brn-dWS","13583245","",,"","NaN"
"","","47","Ayden Kirk","Am","","","","","","-","0","","","0","26","-","0","","Ayden","Kirk","","","","","","","","","","Ayden","Kirk","","219186","GR Cup","Toyota GR86","TechSport Racing","Toyota Gazoo Racing","USA","","entries:events-2024-sro-roadamerica:llC_xiEd1hotQLhEk0eMd","entries:events-2024-sro-roadamerica:llC_xiEd1hotQLhEk0eMd","11286329","",,"","NaN"