"Pos","PIC","#","Name","Class","Laps","Total Time","Total Time (ms)","Best Time","Best Time (ms)","Best Speed","Best Lap","Diff","Gap","Points","Start Pos","Total distance","Laps led","Startgrid Comment","First Name","Last Name","2nd Best Time","2nd Best Time (ms)","Pitstops","S1 Best Time","S1 Best Time (ms)","S2 Best Time","S2 Best Time (ms)","S3 Best Time","S3 Best Time (ms)","FirstName","LastName","Additional1","Additional2","Additional3","Additional4","Additional5","Additional6","Additional7","Additional8","CarRegistration","DriverRegistration","Transponder1","Transponder2","Start PIC","Pos Gained","Pos Gained Overall"
"1","1","99","Jaxon Bell","Am","5","10:55.894",655894,"2:06.759",126759,"92.869","5","","","0","33","16.350","0","","Jaxon","Bell","2:07.790",127790,"1","44.670",44670,"49.171",49171,"34.343",34343,"Jaxon","Bell","","219090","GR Cup","Toyota GR86","Copeland Motorsports","Toyota Gazoo Racing GR","USA","","entries:events-2024-sro-vir:5Of1CYdj2ykymsm15Aa46","entries:events-2024-sro-vir:5Of1CYdj2ykymsm15Aa46","13153784","",33,"32 (33 → 1)","32"
"2","2","55","Spike Kohlbecker","Am","6","13:38.856",818856,"2:06.882",126882,"92.779","5","0.123","0.123","0","24","19.620","0","","Spike","Kohlbecker","2:07.623",127623,"1","44.774",44774,"48.295",48295,"34.195",34195,"Spike","Kohlbecker","","219122","GR Cup","Toyota GR86","TechSport Racing","Toyota Gazoo Racing GR","USA","","entries:events-2024-sro-vir:x82vBcn7Sp6iOhoAf_tzM","entries:events-2024-sro-vir:x82vBcn7Sp6iOhoAf_tzM","11385466","",24,"22 (24 → 2)","22"
"3","3","47","Ethan Goulart","Am","6","13:39.097",819097,"2:06.926",126926,"92.747","5","0.167","0.044","0","21","19.620","0","","Ethan","Goulart","2:07.621",127621,"1","44.814",44814,"48.340",48340,"34.159",34159,"Ethan","Goulart","","219186","GR Cup","Toyota GR86","TechSport Racing","Toyota Gazoo Racing GR","USA","","entries:events-2024-sro-vir:ashfGXJ2Ko3xInSvUWgSo","entries:events-2024-sro-vir:ashfGXJ2Ko3xInSvUWgSo","11286329","",21,"18 (21 → 3)","18"
"4","4","5","Gresham Wagner","Am","6","13:00.727",780727,"2:06.968",126968,"92.716","5","0.209","0.042","0","2","19.620","6","","Gresham","Wagner","2:07.524",127524,"1","44.484",44484,"48.583",48583,"34.280",34280,"Gresham","Wagner","","219203","GR Cup","Toyota GR86","Copeland Motorsports","Toyota Gazoo Racing GR","USA","","entries:events-2024-sro-vir:DtzJf0PXep9Br6nOc1utR","entries:events-2024-sro-vir:DtzJf0PXep9Br6nOc1utR","15257379","",2,"-2 (2 → 4)","-2"
"5","5","71","Christian Weir","Am","5","11:17.222",677222,"2:07.070",127070,"92.642","5","0.311","0.102","0","27","16.350","0","","Christian","Weir","2:07.672",127672,"1","45.024",45024,"47.616",47616,"34.430",34430,"Christian","Weir","","219115","GR Cup","Toyota GR86","TechSport Racing","Toyota Gazoo Racing GR","USA","","entries:events-2024-sro-vir:wHyaVWYgECC3RvNX5XZtG","entries:events-2024-sro-vir:wHyaVWYgECC3RvNX5XZtG","12055196","",27,"22 (27 → 5)","22"
"6","6","57","Mia Lovell","Am","6","13:05.830",785830,"2:07.254",127254,"92.508","5","0.495","0.184","0","25","19.620","0","","Mia","Lovell","2:07.935",127935,"1","44.906",44906,"48.730",48730,"34.478",34478,"Mia","Lovell","","218686","GR Cup","Toyota GR86","Copeland Motorsports","Toyota Gazoo Racing GR","USA","","entries:events-2024-sro-vir:71LsTsnzeWitMeUk-_t1J","entries:events-2024-sro-vir:71LsTsnzeWitMeUk-_t1J","10314665","",25,"19 (25 → 6)","19"
"7","7","80","Tyler Wettengel","Am","6","13:22.609",802609,"2:07.440",127440,"92.373","4","0.681","0.186","0","31","19.620","0","","Tyler","Wettengel","2:08.169",128169,"1","45.076",45076,"48.550",48550,"34.518",34518,"Tyler","Wettengel","","219101","GR Cup","Toyota GR86","Nitro Motorsports","Toyota Gazoo Racing GR","USA","","entries:events-2024-sro-vir:Jz5XVNK2rmv9nB0mg2RSQ","entries:events-2024-sro-vir:Jz5XVNK2rmv9nB0mg2RSQ","15012542","",31,"24 (31 → 7)","24"
"8","8","13","Westin Workman","Am","5","10:55.319",655319,"2:07.496",127496,"92.332","5","0.737","0.056","0","6","16.350","0","","Westin","Workman","2:07.959",127959,"1","44.809",44809,"49.164",49164,"34.371",34371,"Westin","Workman","","219250","GR Cup","Toyota GR86","Copeland Motorsports","Toyota Gazoo Racing GR","USA","","entries:events-2024-sro-vir:LUtvvmV3MKmWIq7eAvDbt","entries:events-2024-sro-vir:LUtvvmV3MKmWIq7eAvDbt","15241424","",6,"-2 (6 → 8)","-2"
"9","9","18","Jordan RickSegrini","Am","6","13:15.640",795640,"2:07.654",127654,"92.218","5","0.895","0.158","0","9","19.620","0","","Jordan","RickSegrini","2:08.252",128252,"1","45.002",45002,"48.216",48216,"34.436",34436,"Jordan","RickSegrini","","219283","GR Cup","Toyota GR86","BSI Racing","Toyota Gazoo Racing GR","USA","","entries:events-2024-sro-vir:xme5hE5JvkYjQQEX275XK","entries:events-2024-sro-vir:xme5hE5JvkYjQQEX275XK","12415550","",9,"0 (9 → 9)","0"
"10","10","21","Ford Koch","Am","6","13:29.713",809713,"2:07.697",127697,"92.187","4","0.938","0.043","0","10","19.620","0","","Ford","Koch","2:10.745",130745,"1","45.018",45018,"49.932",49932,"35.032",35032,"Ford","Koch","","219073","GR Cup","Toyota GR86","Eagles Canyon Racing powered by Fast Track","Toyota Gazoo Racing GR","USA","","entries:events-2024-sro-vir:AOE8Qn_0USzVEp5Qcw7YB","entries:events-2024-sro-vir:AOE8Qn_0USzVEp5Qcw7YB","10837109","",10,"0 (10 → 10)","0"
"11","11","31","Luke Rumburg","Am","5","11:18.668",678668,"2:07.852",127852,"92.075","5","1.093","0.155","0","15","16.350","0","","Luke","Rumburg","2:08.553",128553,"1","45.480",45480,"47.772",47772,"34.649",34649,"Luke","Rumburg","","218701","GR Cup","Toyota GR86","RVA Graphics Motorsports by Speed Syndicate","Toyota Gazoo Racing GR","USA","","entries:events-2024-sro-vir:KlV_Tp1C8xel0a8RDjYd9","entries:events-2024-sro-vir:KlV_Tp1C8xel0a8RDjYd9","16199534","",15,"4 (15 → 11)","4"
"12","12","44","Alex Sedgwick","Am","5","11:54.158",714158,"2:07.856",127856,"92.072","4","1.097","0.004","0","19","16.350","0","","Alex","Sedgwick","2:09.342",129342,"1","45.064",45064,"48.212",48212,"34.580",34580,"Alex","Sedgwick","","219270","GR Cup","Toyota GR86","Precision Racing LA","Toyota Gazoo Racing GR","GBR","","entries:events-2024-sro-vir:AT5-T1KNCeGKeB0OyO6SP","entries:events-2024-sro-vir:AT5-T1KNCeGKeB0OyO6SP","14864382","",19,"7 (19 → 12)","7"
"13","13","51","Zachary Hollingshead","Am","6","13:13.403",793403,"2:07.895",127895,"92.044","5","1.136","0.039","0","23","19.620","0","","Zachary","Hollingshead","2:08.441",128441,"1","45.101",45101,"48.484",48484,"34.567",34567,"Zachary","Hollingshead","","219295","GR Cup","Toyota GR86","Copeland Motorsports","Toyota Gazoo Racing GR","USA","","entries:events-2024-sro-vir:V7XoDhJhrJIni5QdoOpmj","entries:events-2024-sro-vir:V7XoDhJhrJIni5QdoOpmj","12714404","",23,"10 (23 → 13)","10"
"14","14","46","Lucas Weisenberg","Am","6","13:11.690",791690,"2:08.030",128030,"91.947","5","1.271","0.135","0","20","19.620","0","","Lucas","Weisenberg","2:09.051",129051,"1","44.964",44964,"48.968",48968,"34.948",34948,"Lucas","Weisenberg","","219272","GR Cup","Toyota GR86","Lucas Racing","Toyota Gazoo Racing GR","USA","","entries:events-2024-sro-vir:ls2QejRvAFMzSge2hlnwL","entries:events-2024-sro-vir:ls2QejRvAFMzSge2hlnwL","12208074","",20,"6 (20 → 14)","6"
"15","15","75","Anna Inotsume","Am","6","13:35.967",815967,"2:08.116",128116,"91.885","4","1.357","0.086","0","28","19.620","0","","Anna","Inotsume","2:09.287",129287,"1","45.048",45048,"49.733",49733,"34.648",34648,"Anna","Inotsume","","218366","GR Cup","Toyota GR86","Hattori Motorsports","Toyota Gazoo Racing GR","JAP","","entries:events-2024-sro-vir:uTlE3DSiYbTiycOsWKj_3","entries:events-2024-sro-vir:uTlE3DSiYbTiycOsWKj_3","12969501","",28,"13 (28 → 15)","13"
"16","16","88","Henry Drury","Am","5","11:52.805",712805,"2:08.146",128146,"91.864","5","1.387","0.030","0","32","16.350","0","","Henry","Drury","2:09.372",129372,"1","45.369",45369,"48.685",48685,"34.899",34899,"Henry","Drury","","219218","GR Cup","Toyota GR86","Precision Racing LA w/ PT Autosport","Toyota Gazoo Racing GR","GBR","","entries:events-2024-sro-vir:78vPYEO6O9U07a1EiMlF4","entries:events-2024-sro-vir:78vPYEO6O9U07a1EiMlF4","13339178","",32,"16 (32 → 16)","16"
"17","17","39","Maximilian Hewitt","Am","6","13:12.776",792776,"2:08.168",128168,"91.848","5","1.409","0.022","0","17","19.620","0","","Maximilian","Hewitt","2:08.967",128967,"1","44.941",44941,"49.031",49031,"34.564",34564,"Maximilian","Hewitt","","219206","GR Cup","Toyota GR86","BSI Racing","Toyota Gazoo Racing GR","USA","","entries:events-2024-sro-vir:LMlrcOP76O3wndyuQ_H9a","entries:events-2024-sro-vir:LMlrcOP76O3wndyuQ_H9a","13778007","",17,"0 (17 → 17)","0"
"18","18","24","Jade Avedisian","Am","6","13:25.922",805922,"2:08.224",128224,"91.808","5","1.465","0.056","0","12","19.620","0","","Jade","Avedisian","2:08.375",128375,"1","45.189",45189,"48.075",48075,"34.677",34677,"Jade","Avedisian","","219104","GR Cup","Toyota GR86","Nitro Motorsports","Toyota Gazoo Racing GR","USA","","entries:events-2024-sro-vir:2olLUj0hxgnpwFdcUggOM","entries:events-2024-sro-vir:2olLUj0hxgnpwFdcUggOM","10544198","",12,"-6 (12 → 18)","-6"
"19","19","22","Devin Anderson","Am","5","12:58.883",778883,"2:08.240",128240,"91.797","3","1.481","0.016","0","11","16.350","0","","Devin","Anderson","2:09.906",129906,"2","45.201",45201,"48.901",48901,"34.888",34888,"Devin","Anderson","","219213","GR Cup","Toyota GR86","TechSport Racing","Toyota Gazoo Racing GR","USA","","entries:events-2024-sro-vir:GMMQuTrvHGw6_N-kBXSMk","entries:events-2024-sro-vir:GMMQuTrvHGw6_N-kBXSMk","11308725","",11,"-8 (11 → 19)","-8"
"20","20","50","Casey Mashore","Am","5","11:15.935",675935,"2:08.321",128321,"91.739","4","1.562","0.081","0","22","16.350","0","","Casey","Mashore","2:09.024",129024,"1","44.992",44992,"48.040",48040,"34.876",34876,"Casey","Mashore","","219242","GR Cup","Toyota GR86","Mashore Autobody","Toyota Gazoo Racing GR","USA","","entries:events-2024-sro-vir:jjJUOVpOzjLpJBsMuficD","entries:events-2024-sro-vir:jjJUOVpOzjLpJBsMuficD","10127188","",22,"2 (22 → 20)","2"
"21","21","76","Steven Clemons","Am","6","13:15.235",795235,"2:08.516",128516,"91.599","5","1.757","0.195","0","29","19.620","0","","Steven","Clemons","2:09.039",129039,"1","45.230",45230,"49.313",49313,"34.666",34666,"Steven","Clemons","","219225","GR Cup","Toyota GR86","BSI Racing","Toyota Gazoo Racing GR","USA","","entries:events-2024-sro-vir:315DNcoJB7QURVGXA2Ivc","entries:events-2024-sro-vir:315DNcoJB7QURVGXA2Ivc","13032211","",29,"8 (29 → 21)","8"
"22","22","10","Ethan Tovo","Am","5","11:18.844",678844,"2:08.556",128556,"91.571","5","1.797","0.040","0","4","16.350","0","","Ethan","Tovo","2:10.236",130236,"1","45.619",45619,"49.480",49480,"34.623",34623,"Ethan","Tovo","","218391","GR Cup","Toyota GR86","Nitro Motorsports","Toyota Gazoo Racing GR","USA","","entries:events-2024-sro-vir:Q-cfLVi8D2s6YnjC_tMhg","entries:events-2024-sro-vir:Q-cfLVi8D2s6YnjC_tMhg","16618605","",4,"-18 (4 → 22)","-18"
"23","23","09","Maddie Aust","Am","6","13:22.257",802257,"2:08.744",128744,"91.437","4","1.985","0.188","0","3","19.620","0","","Maddie","Aust","2:08.844",128844,"1","45.249",45249,"48.587",48587,"34.777",34777,"Maddie","Aust","","218788","GR Cup","Toyota GR86","BSI Racing","Toyota Gazoo Racing GR","USA","","entries:events-2024-sro-vir:GS4jXVebkwjxf7cxkTONu","entries:events-2024-sro-vir:GS4jXVebkwjxf7cxkTONu","12372615","",3,"-20 (3 → 23)","-20"
"24","24","34","Braydon Arthur","Am","5","12:47.332",767332,"2:08.880",128880,"91.341","4","2.121","0.136","0","16","16.350","0","","Braydon","Arthur","2:09.041",129041,"1","44.903",44903,"49.278",49278,"34.561",34561,"Braydon","Arthur","","219195","GR Cup","Toyota GR86","JMF Motorsports","Toyota Gazoo Racing GR","CAN","","entries:events-2024-sro-vir:fFjK6qSTr5BgKGjfXAiF1","entries:events-2024-sro-vir:fFjK6qSTr5BgKGjfXAiF1","15222059","",16,"-8 (16 → 24)","-8"
"25","25","14","Alex Garcia","Am","5","12:04.033",724033,"2:09.081",129081,"91.199","2","2.322","0.201","0","7","16.350","0","","Alex","Garcia","2:10.748",130748,"1","45.184",45184,"48.619",48619,"34.647",34647,"Alex","Garcia","","219120","GR Cup","Toyota GR86","Skip Barber Racing","Toyota Gazoo Racing GR","USA","","entries:events-2024-sro-vir:zC7D5Toaux33Xw684odHP","entries:events-2024-sro-vir:zC7D5Toaux33Xw684odHP","15057570","",7,"-18 (7 → 25)","-18"
"26","26","77","William Lambros","Am","5","12:05.394",725394,"2:09.095",129095,"91.189","2","2.336","0.014","0","30","16.350","0","","William","Lambros","2:09.219",129219,"1","45.679",45679,"48.401",48401,"34.854",34854,"William","Lambros","","219145","GR Cup","Toyota GR86","Skip Barber Racing","Toyota Gazoo Racing GR","USA","","entries:events-2024-sro-vir:mpdUvkRNVQNjtCtmyuYpP","entries:events-2024-sro-vir:mpdUvkRNVQNjtCtmyuYpP","15422081","",30,"4 (30 → 26)","4"
"27","27","25","Alfonso Diaz","Am","6","13:41.973",821973,"2:09.108",129108,"91.179","3","2.349","0.013","0","13","19.620","0","","Alfonso","Diaz","2:09.661",129661,"1","45.357",45357,"49.206",49206,"34.829",34829,"Alfonso","Diaz","","219082","GR Cup","Toyota GR86","TechSport Racing","Toyota Gazoo Racing GR","PRI","","entries:events-2024-sro-vir:BYFF-JWfhxuW3CYeHMtbP","entries:events-2024-sro-vir:BYFF-JWfhxuW3CYeHMtbP","13583245","",13,"-14 (13 → 27)","-14"
"28","28","41","Jenson Sofronas","Am","5","11:12.732",672732,"2:09.230",129230,"91.093","4","2.471","0.122","0","18","16.350","0","","Jenson","Sofronas","2:09.260",129260,"1","45.531",45531,"48.983",48983,"34.686",34686,"Jenson","Sofronas","","218674","GR Cup","Toyota GR86","GMG Racing","Toyota Gazoo Racing GR","USA","","entries:events-2024-sro-vir:wlD33L-vAsBHrrN6khIG8","entries:events-2024-sro-vir:wlD33L-vAsBHrrN6khIG8","10934774","",18,"-10 (18 → 28)","-10"
"29","29","15","Bennett Muldoon","Am","5","13:03.302",783302,"2:09.256",129256,"91.075","4","2.497","0.026","0","8","16.350","0","","Bennett","Muldoon","2:10.122",130122,"2","45.486",45486,"48.544",48544,"35.226",35226,"Bennett","Muldoon","","219284","GR Cup","Toyota GR86","Bennett Motorsports","Toyota Gazoo Racing GR","USA","","entries:events-2024-sro-vir:kIUQ-BM-ckhRkHSWbxPZi","entries:events-2024-sro-vir:kIUQ-BM-ckhRkHSWbxPZi","11530888","",8,"-21 (8 → 29)","-21"
"30","30","30","Jackson Tovo","Am","5","11:44.182",704182,"2:10.664",130664,"90.094","5","3.905","1.408","0","14","16.350","0","","Jackson","Tovo","2:11.584",131584,"1","45.910",45910,"49.827",49827,"35.513",35513,"Jackson","Tovo","","218679","GR Cup","Toyota GR86","Nitro Motorsports","Toyota Gazoo Racing GR","USA","","entries:events-2024-sro-vir:bg_noPF_PFNUtTExlxd4J","entries:events-2024-sro-vir:bg_noPF_PFNUtTExlxd4J","15606700","",14,"-16 (14 → 30)","-16"
"31","31","3","Jason Kos","Am","4","9:59.044",599044,"2:10.868",130868,"89.953","4","4.109","0.204","0","1","13.080","0","","Jason","Kos","2:11.608",131608,"1","46.083",46083,"49.665",49665,"35.120",35120,"Jason","Kos","","219094","GR Cup","Toyota GR86","Eagles Canyon Racing powered by Fast Track","Toyota Gazoo Racing GR","USA","","entries:events-2024-sro-vir:FoXdZKKHZzjxJe4RFoEjP","entries:events-2024-sro-vir:FoXdZKKHZzjxJe4RFoEjP","11191062","",1,"-30 (1 → 31)","-30"
"32","32","61","James Klimas","Am","6","15:12.124",912124,"2:14.608",134608,"87.454","5","7.849","3.740","0","26","19.620","0","","James","Klimas","2:15.147",135147,"1","46.637",46637,"51.062",51062,"36.712",36712,"James","Klimas","","219118","GR Cup","Toyota GR86","Skip Barber Racing","Toyota Gazoo Racing GR","USA","","entries:events-2024-sro-vir:RAurHi74SRC10Gi4mAO7e","entries:events-2024-sro-vir:RAurHi74SRC10Gi4mAO7e","12079696","",26,"-6 (26 → 32)","-6"
"33","33","11","Jack Woodfin","Am","","","","","","-","0","","","0","5","-","0","","Jack","Woodfin","","","","","","","","","","Jack","Woodfin","","219268","GR Cup","Toyota GR86","RVA Graphics Motorsports by Speed Syndicate","Toyota Gazoo Racing GR","USA","","entries:events-2024-sro-vir:eOJwd0IBG8OEP13liBioK","entries:events-2024-sro-vir:eOJwd0IBG8OEP13liBioK","10741809","",5,"-28 (5 → 33)","-28"