﻿POS;NUMBER;LAP;TIME;GAP_FIRST;GAP_PREVIOUS;KPH; LAPS;TEAM;CLASS;GROUP;DIVISION;VEHICLE;TIRES;ECM Participant Id;ECM Team Id;ECM Category Id;ECM Car Id;ECM Brand Id;ECM Country Id;*Extra 7;*Extra 8;*Extra 9;Sort Key;DRIVER_FIRSTNAME;DRIVER_SECONDNAME;DRIVER_LICENSE;DRIVER_HOMETOWN;DRIVER_COUNTRY;DRIVER_SHORTNAME;DRIVER_ECM Driver Id;DRIVER_ECM Country Id;DRIVER_*Extra 3;DRIVER_*Extra 4;DRIVER_*Extra 5;
1;71;12;2:04.818;-;-;110.7;12;TechSport;Am;;GR Cup;Toyota GR86;;;;;;;;;;;;Christian;Weir;;;USA;;;;;;;
2;47;11;2:05.380;+0.562;+0.562;110.2;12;TechSport;Am;;GR Cup;Toyota GR86;;;;;;;;;;;;Ayden;Kirk;;;USA;;;;;;;
3;55;11;2:05.412;+0.594;+0.032;110.2;11;RVA Graphics Motorsports by Speed Syndicate;Am;;GR Cup;Toyota GR86;;;;;;;;;;;;Spike;Kohlbecker;;;USA;;;;;;;
4;72;11;2:05.980;+1.162;+0.568;109.7;12;TechSport;Am;;GR Cup;Toyota GR86;;;;;;;;;;;;Ethan;Goulart;;;USA;;;;;;;
5;98;11;2:06.286;+1.468;+0.306;109.4;12;TechSport;Am;;GR Cup;Toyota GR86;;;;;;;;;;;;Max;Schweid;;;USA;;;;;;;
6;13;11;2:06.767;+1.949;+0.481;109.0;11;BSI Racing;Am;;GR Cup;Toyota GR86;;;;;;;;;;;;Westin;Workman;;;USA;;;;;;;
7;14;10;2:07.191;+2.373;+0.424;108.6;10;Skip Barber Racing;Am;;GR Cup;Toyota GR86;;;;;;;;;;;;Alex;Garcia;;;USA;;;;;;;
8;2;11;2:07.350;+2.532;+0.159;108.5;12;RVA Graphics Motorsports by Speed Syndicate;Am;;GR Cup;Toyota GR86;;;;;;;;;;;;Will;Robusto;;;USA;;;;;;;
9;73;12;2:07.398;+2.580;+0.048;108.5;12;Precision Racing LA;Am;;GR Cup;Toyota GR86;;;;;;;;;;;;Mike;Lamarra;;;USA;;;;;;;
10;15;11;2:07.790;+2.972;+0.392;108.1;11;TechSport;Am;;GR Cup;Toyota GR86;;;;;;;;;;;;Brett;Kowalski;;;USA;;;;;;;
11;67;9;2:07.991;+3.173;+0.201;108.0;9;BSI Racing;Am;;GR Cup;Toyota GR86;;;;;;;;;;;;Shea;Holbrook;;;USA;;;;;;;
12;03;12;2:08.748;+3.930;+0.757;107.3;12;Precision Racing LA;Am;;GR Cup;Toyota GR86;;;;;;;;;;;;Karl;Forman;;;USA;;;;;;;
13;46;10;2:08.803;+3.985;+0.055;107.3;11;Lucas Racing;Am;;GR Cup;Toyota GR86;;;;;;;;;;;;Lucas;Weisenberg;;;USA;;;;;;;
14;17;11;2:09.566;+4.748;+0.763;106.6;12;van der Steur Racing;Am;;GR Cup;Toyota GR86;;;;;;;;;;;;Miles;Hewitt;;;USA;;;;;;;
15;93;10;2:10.002;+5.184;+0.436;106.3;11;Eagles Canyon Racing Powered by Fast Track;Am;;GR Cup;Toyota GR86;;;;;;;;;;;;Patrick;Brunson;;;USA;;;;;;;
16;3;11;2:10.364;+5.546;+0.362;106.0;12;Eagles Canyon Racing Powered by Fast Track;Am;;GR Cup;Toyota GR86;;;;;;;;;;;;Jason;Kos;;;USA;;;;;;;
17;51;11;2:11.653;+6.835;+1.289;105.0;11;BSI Racing;Am;;GR Cup;Toyota GR86;;;;;;;;;;;;Massimo;Sunseri;;;USA;;;;;;;
18;50;6;2:12.172;+7.354;+0.519;104.5;6;Mashore Autobody;Am;;GR Cup;Toyota GR86;;;;;;;;;;;;Casey;Mashore;;;USA;;;;;;;
19;11;9;2:12.502;+7.684;+0.330;104.3;11;RVA Graphics Motorsports by Speed Syndicate;Am;;GR Cup;Toyota GR86;;;;;;;;;;;;Farran;Davis;;;USA;;;;;;;
20;5;0;;;;;0;Copeland Motorsports;Am;;GR Cup;Toyota GR86;;;;;;;;;;;;Beltre;Curtis;;;USA;;;;;;;
21;7;0;;;;;0;Copeland Motorsports;Am;;GR Cup;Toyota GR86;;;;;;;;;;;;Jaxon;Bell;;;USA;;;;;;;
22;12;0;;;;;0;Copeland Motorsports;Am;;GR Cup;Toyota GR86;;;;;;;;;;;;John;Lennon;;;USA;;;;;;;
23;16;0;;;;;0;Copeland Motorsports;Am;;GR Cup;Toyota GR86;;;;;;;;;;;;John;Dean;;;USA;;;;;;;
24;21;0;;;;;0;Copeland Motorsports;Am;;GR Cup;Toyota GR86;;;;;;;;;;;;Ford;Koch;;;USA;;;;;;;
25;31;0;;;;;0;Nitro Motorsports;Am;;GR Cup;Toyota GR86;;;;;;;;;;;;Jackson;Tovo;;;USA;;;;;;;
26;41;0;;;;;0;Copeland Motorsports;Am;;GR Cup;Toyota GR86;;;;;;;;;;;;Jenson;Sofronas;;;USA;;;;;;;
27;78;0;;;;;0;Nitro Motorsports;Am;;GR Cup;Toyota GR86;;;;;;;;;;;;Ethan;Ayars;;;USA;;;;;;;
28;80;0;;;;;0;Nitro Motorsports;Am;;GR Cup;Toyota GR86;;;;;;;;;;;;Paityn;Feyen;;;USA;;;;;;;
29;88;0;;;;;0;PT Autosport with Copeland Motorsports;Am;;GR Cup;Toyota GR86;;;;;;;;;;;;Zach;Hollingshead;;;USA;;;;;;;
30;89;0;;;;;3;Eagles Canyon Racing Powered by Fast Track;Am;;GR Cup;Toyota GR86;;;;;;;;;;;;Livio;Galanti;;;ITA;;;;;;;
31;113;0;;;;;0;Nitro Motorsports;Am;;GR Cup;Toyota GR86;;;;;;;;;;;;Ethan;Tovo;;;USA;;;;;;;
