﻿POS;NUMBER;LAP;TIME;GAP_FIRST;GAP_PREVIOUS;KPH; LAPS;TEAM;CLASS;GROUP;DIVISION;VEHICLE;TIRES;ECM Participant Id;ECM Team Id;ECM Category Id;ECM Car Id;ECM Brand Id;ECM Country Id;*Extra 7;*Extra 8;*Extra 9;Sort Key;DRIVER_FIRSTNAME;DRIVER_SECONDNAME;DRIVER_LICENSE;DRIVER_HOMETOWN;DRIVER_COUNTRY;DRIVER_SHORTNAME;DRIVER_ECM Driver Id;DRIVER_ECM Country Id;DRIVER_*Extra 3;DRIVER_*Extra 4;DRIVER_*Extra 5;
1;7;5;2:06.187;-;-;150.1;6;Copeland Motorsports;Am;;GR Cup;Toyota GR86;;;;;;;;;;;;Jaxon;Bell;;;USA;;;;;;;
2;55;5;2:06.420;+0.233;+0.233;149.9;6;RVA Graphics Motorsports by Speed Syndicate;Am;;GR Cup;Toyota GR86;;;;;;;;;;;;Spike;Kohlbecker;;;USA;;;;;;;
3;98;4;2:06.442;+0.255;+0.022;149.8;5;TechSport;Am;;GR Cup;Toyota GR86;;;;;;;;;;;;Max;Schweid;;;USA;;;;;;;
4;72;5;2:06.473;+0.286;+0.031;149.8;6;TechSport;Am;;GR Cup;Toyota GR86;;;;;;;;;;;;Ethan;Goulart;;;USA;;;;;;;
5;13;6;2:06.477;+0.290;+0.004;149.8;6;BSI Racing;Am;;GR Cup;Toyota GR86;;;;;;;;;;;;Westin;Workman;;;USA;;;;;;;
6;2;6;2:06.596;+0.409;+0.119;149.7;6;RVA Graphics Motorsports by Speed Syndicate;Am;;GR Cup;Toyota GR86;;;;;;;;;;;;Will;Robusto;;;USA;;;;;;;
7;46;2;2:06.692;+0.505;+0.096;149.5;7;Lucas Racing;Am;;GR Cup;Toyota GR86;;;;;;;;;;;;Lucas;Weisenberg;;;USA;;;;;;;
8;71;6;2:06.856;+0.669;+0.164;149.3;7;TechSport;Am;;GR Cup;Toyota GR86;;;;;;;;;;;;Christian;Weir;;;USA;;;;;;;
9;21;4;2:07.112;+0.925;+0.256;149.0;7;Copeland Motorsports;Am;;GR Cup;Toyota GR86;;;;;;;;;;;;Ford;Koch;;;USA;;;;;;;
10;31;4;2:07.245;+1.058;+0.133;148.9;6;Nitro Motorsports;Am;;GR Cup;Toyota GR86;;;;;;;;;;;;Jackson;Tovo;;;USA;;;;;;;
11;113;6;2:07.371;+1.184;+0.126;148.7;7;Nitro Motorsports;Am;;GR Cup;Toyota GR86;;;;;;;;;;;;Ethan;Tovo;;;USA;;;;;;;
12;15;3;2:07.505;+1.318;+0.134;148.6;4;TechSport;Am;;GR Cup;Toyota GR86;;;;;;;;;;;;Brett;Kowalski;;;USA;;;;;;;
13;5;3;2:07.540;+1.353;+0.035;148.5;6;Copeland Motorsports;Am;;GR Cup;Toyota GR86;;;;;;;;;;;;Beltre;Curtis;;;USA;;;;;;;
14;41;6;2:07.662;+1.475;+0.122;148.4;7;Copeland Motorsports;Am;;GR Cup;Toyota GR86;;;;;;;;;;;;Jenson;Sofronas;;;USA;;;;;;;
15;111;4;2:07.759;+1.572;+0.097;148.3;6;RVA Graphics Motorsports by Speed Syndicate;Am;;GR Cup;Toyota GR86;;;;;;;;;;;;Isabella;Robusto;;;USA;;;;;;;
16;51;4;2:07.887;+1.700;+0.128;148.1;6;BSI Racing;Am;;GR Cup;Toyota GR86;;;;;;;;;;;;Massimo;Sunseri;;;USA;;;;;;;
17;78;6;2:07.890;+1.703;+0.003;148.1;7;Nitro Motorsports;Am;;GR Cup;Toyota GR86;;;;;;;;;;;;Ethan;Ayars;;;USA;;;;;;;
18;93;3;2:08.195;+2.008;+0.305;147.8;5;Eagles Canyon Racing Powered by Fast Track;Am;;GR Cup;Toyota GR86;;;;;;;;;;;;Patrick;Brunson;;;USA;;;;;;;
19;89;3;2:08.504;+2.317;+0.309;147.4;6;Eagles Canyon Racing Powered by Fast Track;Am;;GR Cup;Toyota GR86;;;;;;;;;;;;Livio;Galanti;;;ITA;;;;;;;
20;03;4;2:08.595;+2.408;+0.091;147.3;6;Precision Racing LA;Am;;GR Cup;Toyota GR86;;;;;;;;;;;;Karl;Forman;;;USA;;;;;;;
21;88;4;2:08.626;+2.439;+0.031;147.3;7;PT Autosport with Copeland Motorsports;Am;;GR Cup;Toyota GR86;;;;;;;;;;;;Max;Stallone;;;USA;;;;;;;
22;80;5;2:08.942;+2.755;+0.316;146.9;7;Nitro Motorsports;Am;;GR Cup;Toyota GR86;;;;;;;;;;;;Paityn;Feyen;;;USA;;;;;;;
23;61;4;2:10.205;+4.018;+1.263;145.5;7;Skip Barber Racing;Am;;GR Cup;Toyota GR86;;;;;;;;;;;;James;Klimas;;;USA;;;;;;;
24;12;7;2:13.180;+6.993;+2.975;142.3;7;BSI Racing;Am;;GR Cup;Toyota GR86;;;;;;;;;;;;John;Lennon;;;USA;;;;;;;
;16;0;;;;;0;Copeland Motorsports;Am;;GR Cup;Toyota GR86;;;;;;;;;;;;John;Dean;;;USA;;;;;;;
