﻿POSITION;NUMBER;STATUS;LAPS;TOTAL_TIME;GAP_FIRST;GAP_PREVIOUS;FL_LAPNUM;FL_TIME;FL_KPH;TEAM;CLASS;GROUP;DIVISION;VEHICLE;TIRES;ECM Participant Id;ECM Team Id;ECM Category Id;ECM Car Id;ECM Brand Id;ECM Country Id;*Extra 7;*Extra 8;*Extra 9;Sort Key;DRIVER_FIRSTNAME;DRIVER_SECONDNAME;DRIVER_LICENSE;DRIVER_HOMETOWN;DRIVER_COUNTRY;DRIVER_SHORTNAME;DRIVER_ECM Driver Id;DRIVER_ECM Country Id;DRIVER_*Extra 3;DRIVER_*Extra 4;DRIVER_*Extra 5;
1;55;Classified;15;45:03.689;-;-;14;2:43.767;143.2;RVA Graphics Motorsports by Speed Syndicate;Am;;GR Cup;Toyota GR86;;;;;;;;;;;;Spike;Kohlbecker;;;;;;;;;;
2;7;Classified;15;45:04.341;+0.652;+0.652;14;2:43.792;143.2;Copeland Motorsports;Am;;GR Cup;Toyota GR86;;;;;;;;;;;;Jaxon;Bell;;;;;;;;;;
3;13;Classified;15;45:04.490;+0.801;+0.149;14;2:43.417;143.5;BSI Racing;Am;;GR Cup;Toyota GR86;;;;;;;;;;;;Westin;Workman;;;;;;;;;;
4;21;Classified;15;45:05.289;+1.600;+0.799;15;2:44.295;142.7;Copeland Motorsports;Am;;GR Cup;Toyota GR86;;;;;;;;;;;;Ford;Koch;;;;;;;;;;
5;47;Classified;15;45:05.675;+1.986;+0.386;13;2:44.239;142.8;TechSport;Am;;GR Cup;Toyota GR86;;;;;;;;;;;;Parker;DeLong;;;;;;;;;;
6;98;Classified;15;45:06.161;+2.472;+0.486;15;2:44.157;142.9;TechSport;Am;;GR Cup;Toyota GR86;;;;;;;;;;;;Max;Schweid;;;;;;;;;;
7;22;Classified;15;45:06.830;+3.141;+0.669;13;2:43.405;143.5;Copeland Motorsports;Am;;GR Cup;Toyota GR86;;;;;;;;;;;;Jeremy;Fletcher;;;;;;;;;;
8;88;Classified;15;45:07.074;+3.385;+0.244;15;2:42.431;144.4;PT Autosport with Copeland Motorsports;Am;;GR Cup;Toyota GR86;;;;;;;;;;;;Max;Stallone;;;;;;;;;;
9;72;Classified;15;45:09.394;+5.705;+2.320;15;2:43.269;143.6;TechSport;Am;;GR Cup;Toyota GR86;;;;;;;;;;;;Ethan;Goulart;;;;;;;;;;
10;58;Classified;15;45:15.223;+11.534;+5.829;15;2:45.040;142.1;Copeland Motorsports;Am;;GR Cup;Toyota GR86;;;;;;;;;;;;Jack;Murchison;;;;;;;;;;
11;51;Classified;15;45:15.905;+12.216;+0.682;12;2:44.587;142.5;BSI Racing;Am;;GR Cup;Toyota GR86;;;;;;;;;;;;Massimo;Sunseri;;;;;;;;;;
12;71;Classified;15;45:17.816;+14.127;+1.911;14;2:44.894;142.2;TechSport;Am;;GR Cup;Toyota GR86;;;;;;;;;;;;Christian;Weir;;;;;;;;;;
13;113;Classified;15;45:18.320;+14.631;+0.504;14;2:44.993;142.1;Nitro Motorsports;Am;;GR Cup;Toyota GR86;;;;;;;;;;;;Ethan;Tovo;;;;;;;;;;
14;46;Classified;15;45:18.626;+14.937;+0.306;14;2:44.082;142.9;Lucas Racing;Am;;GR Cup;Toyota GR86;;;;;;;;;;;;Lucas;Weisenberg;;;;;;;;;;
15;31;Classified;15;45:19.092;+15.403;+0.466;13;2:43.672;143.3;Nitro Motorsports;Am;;GR Cup;Toyota GR86;;;;;;;;;;;;Jackson;Tovo;;;;;;;;;;
16;89;Classified;15;45:20.330;+16.641;+1.238;14;2:44.311;142.7;Eagles Canyon Racing Powered by Fast Track;Am;Legends;GR Cup;Toyota GR86;;;;;;;;;;;;Livio;Galanti;;;;;;;;;;
17;03;Classified;15;45:24.584;+20.895;+4.254;15;2:44.837;142.3;Precision Racing LA;Am;;GR Cup;Toyota GR86;;;;;;;;;;;;Karl;Forman;;;;;;;;;;
18;5;Classified;15;45:26.660;+22.971;+2.076;14;2:43.278;143.6;Copeland Motorsports;Am;;GR Cup;Toyota GR86;;;;;;;;;;;;Beltre;Curtis;;;;;;;;;;
19;2;Classified;15;45:31.281;+27.592;+4.621;14;2:40.838;145.8;RVA Graphics Motorsports by Speed Syndicate;Am;;GR Cup;Toyota GR86;;;;;;;;;;;;Will;Robusto;;;;;;;;;;
20;41;Classified;15;45:33.299;+29.610;+2.018;15;2:43.506;143.4;Copeland Motorsports;Am;;GR Cup;Toyota GR86;;;;;;;;;;;;Jenson;Sofronas;;;;;;;;;;
21;11;Classified;15;45:45.641;+41.952;+12.342;13;2:47.504;140.0;RVA Graphics Motorsports by Speed Syndicate;Am;Legends;GR Cup;Toyota GR86;;;;;;;;;;;;Farran;Davis;;;;;;;;;;
22;15;Classified;15;45:46.697;+43.008;+1.056;14;2:47.973;139.6;TechSport;Am;;GR Cup;Toyota GR86;;;;;;;;;;;;Brett;Kowalski;;;;;;;;;;
23;12;Classified;15;46:06.872;+1:03.183;+20.175;13;2:48.533;139.2;BSI Racing;Am;Legends;GR Cup;Toyota GR86;;;;;;;;;;;;John;Lennon;;;;;;;;;;
24;86;Classified;15;46:07.033;+1:03.344;+0.161;15;2:48.900;138.9;Eagles Canyon Racing Powered by Fast Track;Am;Legends;GR Cup;Toyota GR86;;;;;;;;;;;;Andrew;Gilleland;;;;;;;;;;
25;8;Classified;15;46:10.659;+1:06.970;+3.626;15;2:49.451;138.4;Eagles Canyon Racing Powered by Fast Track;Am;Legends;GR Cup;Toyota GR86;;;;;;;;;;;;Tom;Rudnai;;;;;;;;;;
26;57;Classified;15;47:03.020;+1:59.331;+52.361;14;2:54.076;134.7;Eagles Canyon Racing Powered by Fast Track;Am;Legends;GR Cup;Toyota GR86;;;;;;;;;;;;Jeff;Curry;;;;;;;;;;
27;18;Classified;15;47:18.830;+2:15.141;+15.810;12;2:54.295;134.6;Precision Racing LA;Am;Legends;GR Cup;Toyota GR86;;;;;;;;;;;;Rutledge;Wood;;;;;;;;;;
28;80;Classified;10;41:12.118;5 Laps;5 Laps;9;2:52.133;136.2;Nitro Motorsports;Am;;GR Cup;Toyota GR86;;;;;;;;;;;;Paityn;Feyen;;;;;;;;;;
