﻿POS;NUMBER;LAP;TIME;GAP_FIRST;GAP_PREVIOUS;KPH; LAPS;TEAM;CLASS;GROUP;DIVISION;VEHICLE;TIRES;ECM Participant Id;ECM Team Id;ECM Category Id;ECM Car Id;ECM Brand Id;ECM Country Id;*Extra 7;*Extra 8;*Extra 9;Sort Key;DRIVER_FIRSTNAME;DRIVER_SECONDNAME;DRIVER_LICENSE;DRIVER_HOMETOWN;DRIVER_COUNTRY;DRIVER_SHORTNAME;DRIVER_ECM Driver Id;DRIVER_ECM Country Id;DRIVER_*Extra 3;DRIVER_*Extra 4;DRIVER_*Extra 5;
1;7;3;2:28.175;-;-;132.9;9;Copeland Motorsports;Am;;GR Cup;Toyota GR86;;;;;;;;;;;;Jaxon;Bell;;;USA;;;;;;;
2;72;8;2:28.192;+0.017;+0.017;132.9;11;TechSport;Am;;GR Cup;Toyota GR86;;;;;;;;;;;;Ethan;Goulart;;;USA;;;;;;;
3;13;8;2:28.203;+0.028;+0.011;132.9;10;BSI Racing;Am;;GR Cup;Toyota GR86;;;;;;;;;;;;Westin;Workman;;;USA;;;;;;;
4;16;8;2:28.236;+0.061;+0.033;132.9;10;Copeland Motorsports;Am;Legends;GR Cup;Toyota GR86;;;;;;;;;;;;John;Dean;;;USA;;;;;;;
5;55;7;2:28.329;+0.154;+0.093;132.8;9;RVA Graphics Motorsports by Speed Syndicate;Am;;GR Cup;Toyota GR86;;;;;;;;;;;;Spike;Kohlbecker;;;USA;;;;;;;
6;2;9;2:28.349;+0.174;+0.020;132.8;9;RVA Graphics Motorsports by Speed Syndicate;Am;;GR Cup;Toyota GR86;;;;;;;;;;;;Will;Robusto;;;USA;;;;;;;
7;21;7;2:28.456;+0.281;+0.107;132.7;10;Copeland Motorsports;Am;;GR Cup;Toyota GR86;;;;;;;;;;;;Ford;Koch;;;USA;;;;;;;
8;78;8;2:28.751;+0.576;+0.295;132.4;11;Nitro Motorsports;Am;;GR Cup;Toyota GR86;;;;;;;;;;;;Ethan;Ayars;;;USA;;;;;;;
9;46;8;2:28.785;+0.610;+0.034;132.4;11;Lucas Racing;Am;;GR Cup;Toyota GR86;;;;;;;;;;;;Lucas;Weisenberg;;;USA;;;;;;;
10;88;4;2:28.836;+0.661;+0.051;132.3;10;PT Autosport with Copeland Motorsports;Am;;GR Cup;Toyota GR86;;;;;;;;;;;;Zach;Hollingshead;;;USA;;;;;;;
11;41;10;2:28.840;+0.665;+0.004;132.3;10;Copeland Motorsports;Am;;GR Cup;Toyota GR86;;;;;;;;;;;;Jenson;Sofronas;;;USA;;;;;;;
12;98;10;2:28.857;+0.682;+0.017;132.3;11;TechSport;Am;;GR Cup;Toyota GR86;;;;;;;;;;;;Max;Schweid;;;USA;;;;;;;
13;89;7;2:29.131;+0.956;+0.274;132.1;10;Eagles Canyon Racing Powered by Fast Track;Am;Legends;GR Cup;Toyota GR86;;;;;;;;;;;;Livio;Galanti;;;ITA;;;;;;;
14;71;3;2:29.191;+1.016;+0.060;132.0;7;TechSport;Am;;GR Cup;Toyota GR86;;;;;;;;;;;;Christian;Weir;;;USA;;;;;;;
15;31;9;2:29.289;+1.114;+0.098;131.9;9;Nitro Motorsports;Am;;GR Cup;Toyota GR86;;;;;;;;;;;;Jackson;Tovo;;;USA;;;;;;;
16;113;8;2:29.468;+1.293;+0.179;131.8;10;Nitro Motorsports;Am;;GR Cup;Toyota GR86;;;;;;;;;;;;Ethan;Tovo;;;USA;;;;;;;
17;47;5;2:29.474;+1.299;+0.006;131.8;9;TechSport;Am;;GR Cup;Toyota GR86;;;;;;;;;;;;Ayden;Kirk;;;USA;;;;;;;
18;15;5;2:29.798;+1.623;+0.324;131.5;9;TechSport;Am;;GR Cup;Toyota GR86;;;;;;;;;;;;Brett;Kowalski;;;USA;;;;;;;
19;93;4;2:29.976;+1.801;+0.178;131.3;9;Eagles Canyon Racing Powered by Fast Track;Am;;GR Cup;Toyota GR86;;;;;;;;;;;;Patrick;Brunson;;;USA;;;;;;;
20;5;4;2:30.325;+2.150;+0.349;131.0;10;Copeland Motorsports;Am;;GR Cup;Toyota GR86;;;;;;;;;;;;Beltre;Curtis;;;USA;;;;;;;
21;14;3;2:30.508;+2.333;+0.183;130.9;9;Skip Barber Racing;Am;;GR Cup;Toyota GR86;;;;;;;;;;;;Alex;Garcia;;;USA;;;;;;;
22;51;3;2:30.573;+2.398;+0.065;130.8;10;BSI Racing;Am;;GR Cup;Toyota GR86;;;;;;;;;;;;Massimo;Sunseri;;;USA;;;;;;;
23;3;8;2:30.592;+2.417;+0.019;130.8;11;Eagles Canyon Racing Powered by Fast Track;Am;Legends ;GR Cup;Toyota GR86;;;;;;;;;;;;Jason;Kos;;;USA;;;;;;;
24;11;4;2:31.594;+3.419;+1.002;129.9;9;RVA Graphics Motorsports by Speed Syndicate;Am;Legends;GR Cup;Toyota GR86;;;;;;;;;;;;Farran;Davis;;;USA;;;;;;;
25;03;4;2:31.735;+3.560;+0.141;129.8;10;Precision Racing LA;Am;;GR Cup;Toyota GR86;;;;;;;;;;;;Karl;Forman;;;USA;;;;;;;
26;73;5;2:33.282;+5.107;+1.547;128.5;10;Precision Racing LA;Am;Legends;GR Cup;Toyota GR86;;;;;;;;;;;;Mike;Lamarra;;;USA;;;;;;;
27;86;8;2:33.810;+5.635;+0.528;128.1;10;Eagles Canyon Racing Powered by Fast Track;Am;Legends;GR Cup;Toyota GR86;;;;;;;;;;;;Andrew;Gilleland;;;USA;;;;;;;
28;80;4;2:33.918;+5.743;+0.108;128.0;9;Nitro Motorsports;Am;;GR Cup;Toyota GR86;;;;;;;;;;;;Paityn;Feyen;;;USA;;;;;;;
29;57;3;2:34.261;+6.086;+0.343;127.7;10;Eagles Canyon Racing Powered by Fast Track;Am;Legends;GR Cup;Toyota GR86;;;;;;;;;;;;Jeff;Curry;;;USA;;;;;;;
30;18;4;2:34.655;+6.480;+0.394;127.4;10;Precision Racing LA;Am;Legends;GR Cup;Toyota GR86;;;;;;;;;;;;Rutledge;Wood;;;USA;;;;;;;
31;8;9;2:36.265;+8.090;+1.610;126.1;10;Eagles Canyon Racing Powered by Fast Track;Am;Legends;GR Cup;Toyota GR86;;;;;;;;;;;;Tom;Rudnai;;;USA;;;;;;;
