﻿POSITION;NUMBER;STATUS;LAPS;TOTAL_TIME;GAP_FIRST;GAP_PREVIOUS;FL_LAPNUM;FL_TIME;FL_KPH;TEAM;CLASS;GROUP;DIVISION;VEHICLE;TIRES;ECM Participant Id;ECM Team Id;ECM Category Id;ECM Car Id;ECM Brand Id;ECM Country Id;*Extra 7;*Extra 8;*Extra 9;Sort Key;DRIVER_FIRSTNAME;DRIVER_SECONDNAME;DRIVER_LICENSE;DRIVER_HOMETOWN;DRIVER_COUNTRY;DRIVER_SHORTNAME;DRIVER_ECM Driver Id;DRIVER_ECM Country Id;DRIVER_*Extra 3;DRIVER_*Extra 4;DRIVER_*Extra 5;
1;2;Classified;17;46:59.428;-;-;8;2:31.882;154.4;RVA Graphics Motorsports by Speed Syndicate;Am;;GR Cup;Toyota GR86;;;;;;;;;;;;Will;Robusto;;;;;;;;;;
2;55;Classified;17;47:01.918;+2.490;+0.179;9;2:31.703;154.6;RVA Graphics Motorsports by Speed Syndicate;Am;;GR Cup;Toyota GR86;;;;;;;;;;;;Spike;Kohlbecker;;;;;;;;;;
3;98;Classified;17;47:04.351;+4.923;+2.433;16;2:31.723;154.6;TechSport;Am;;GR Cup;Toyota GR86;;;;;;;;;;;;Max;Schweid;;;;;;;;;;
4;7;Classified;17;47:04.354;+4.926;+0.003;12;2:31.931;154.4;Copeland Motorsports;Am;;GR Cup;Toyota GR86;;;;;;;;;;;;Jaxon;Bell;;;;;;;;;;
5;13;Classified;17;47:05.599;+6.171;+1.245;9;2:31.884;154.4;BSI Racing;Am;;GR Cup;Toyota GR86;;;;;;;;;;;;Westin;Workman;;;;;;;;;;
6;113;Classified;17;47:10.076;+10.648;+4.477;10;2:32.292;154.0;Nitro Motorsports;Am;;GR Cup;Toyota GR86;;;;;;;;;;;;Ethan;Tovo;;;;;;;;;;
7;88;Classified;17;47:10.366;+10.938;+0.290;3;2:32.638;153.6;PT Autosport with Copeland Motorsports;Am;;GR Cup;Toyota GR86;;;;;;;;;;;;Max;Stallone;;;;;;;;;;
8;46;Classified;17;47:17.705;+18.277;+7.339;3;2:31.705;154.6;Lucas Racing;Am;;GR Cup;Toyota GR86;;;;;;;;;;;;Lucas;Weisenberg;;;;;;;;;;
9;51;Classified;17;47:19.327;+19.899;+1.622;9;2:33.144;153.1;BSI Racing;Am;;GR Cup;Toyota GR86;;;;;;;;;;;;Massimo;Sunseri;;;;;;;;;;
10;58;Classified;17;47:19.478;+20.050;+0.151;9;2:32.823;153.5;Copeland Motorsports;Am;;GR Cup;Toyota GR86;;;;;;;;;;;;Jack;Murchison;;;;;;;;;;
11;03;Classified;17;47:19.753;+20.325;+0.275;14;2:32.938;153.3;Precision Racing LA;Am;;GR Cup;Toyota GR86;;;;;;;;;;;;Karl;Forman;;;;;;;;;;
12;21;Classified;17;47:21.734;+22.306;+1.981;10;2:32.559;153.7;Copeland Motorsports;Am;;GR Cup;Toyota GR86;;;;;;;;;;;;Ford;Koch;;;;;;;;;;
13;41;Classified;17;47:22.441;+23.013;+0.707;3;2:32.488;153.8;Copeland Motorsports;Am;;GR Cup;Toyota GR86;;;;;;;;;;;;Jenson;Sofronas;;;;;;;;;;
14;89;Classified;17;47:23.807;+24.379;+1.366;8;2:33.389;152.9;Eagles Canyon Racing Powered by Fast Track;Am;Legends;GR Cup;Toyota GR86;;;;;;;;;;;;Livio;Galanti;;;;;;;;;;
15;11;Classified;17;47:37.623;+38.195;+13.816;7;2:34.521;151.8;RVA Graphics Motorsports by Speed Syndicate;Am;Legends;GR Cup;Toyota GR86;;;;;;;;;;;;Farran;Davis;;;;;;;;;;
16;80;Classified;17;47:45.574;+46.146;+7.951;12;2:34.693;151.6;Nitro Motorsports;Am;;GR Cup;Toyota GR86;;;;;;;;;;;;Paityn;Feyen;;;;;;;;;;
17;86;Classified;17;47:45.873;+46.445;+0.299;12;2:35.415;150.9;Eagles Canyon Racing Powered by Fast Track;Am;Legends;GR Cup;Toyota GR86;;;;;;;;;;;;Andrew;Gilleland;;;;;;;;;;
18;8;Classified;17;47:57.155;+57.727;+11.282;9;2:35.651;150.7;Eagles Canyon Racing Powered by Fast Track;Am;Legends;GR Cup;Toyota GR86;;;;;;;;;;;;Tom;Rudnai;;;;;;;;;;
19;31;Classified;17;47:57.566;+58.138;+0.411;16;2:32.106;154.2;Nitro Motorsports;Am;;GR Cup;Toyota GR86;;;;;;;;;;;;Jackson;Tovo;;;;;;;;;;
20;5;Classified;17;48:17.144;+1:17.716;+19.578;13;2:33.245;153.0;Copeland Motorsports;Am;;GR Cup;Toyota GR86;;;;;;;;;;;;Beltre;Curtis;;;;;;;;;;
21;12;Classified;17;48:20.904;+1:21.476;+3.760;9;2:36.008;150.3;BSI Racing;Am;Legends;GR Cup;Toyota GR86;;;;;;;;;;;;John;Lennon;;;;;;;;;;
22;57;Classified;17;48:41.998;+1:42.570;+21.094;9;2:39.213;147.3;Eagles Canyon Racing Powered by Fast Track;Am;Legends;GR Cup;Toyota GR86;;;;;;;;;;;;Jeff;Curry;;;;;;;;;;
23;18;Classified;17;48:46.106;+1:46.678;+4.108;10;2:40.540;146.1;Precision Racing LA;Am;Legends;GR Cup;Toyota GR86;;;;;;;;;;;;Rutledge;Wood;;;;;;;;;;
24;71;Classified;3;7:44.523;14 Laps;14 Laps;2;2:32.776;153.5;TechSport;Am;;GR Cup;Toyota GR86;;;;;;;;;;;;Christian;Weir;;;;;;;;;;
25;22;Classified;2;5:08.569;15 Laps;1 Lap;2;2:32.467;153.8;Copeland Motorsports;Am;;GR Cup;Toyota GR86;;;;;;;;;;;;Jeremy;Fletcher;;;;;;;;;;
26;72;Classified;17;47:01.563;+2.135;+2.135;10;2:31.714;154.6;TechSport;Am;;GR Cup;Toyota GR86;;;;;;;;;;;;Ethan;Goulart;;;;;;;;;;
27;47;Classified;17;47:01.739;+2.311;+0.176;12;2:31.810;154.5;TechSport;Am;;GR Cup;Toyota GR86;;;;;;;;;;;;Parker;DeLong;;;;;;;;;;
;15;Not started;0;;;;0;;;TechSport;Am;;GR Cup;Toyota GR86;;;;;;;;;;;;Brett;Kowalski;;;;;;;;;;
