﻿POSITION;NUMBER;STATUS;LAPS;TOTAL_TIME;GAP_FIRST;GAP_PREVIOUS;FL_LAPNUM;FL_TIME;FL_KPH;TEAM;CLASS;GROUP;DIVISION;VEHICLE;TIRES;ECM Participant Id;ECM Team Id;ECM Category Id;ECM Car Id;ECM Brand Id;ECM Country Id;*Extra 7;*Extra 8;*Extra 9;Sort Key;DRIVER_FIRSTNAME;DRIVER_SECONDNAME;DRIVER_LICENSE;DRIVER_HOMETOWN;DRIVER_COUNTRY;DRIVER_SHORTNAME;DRIVER_ECM Driver Id;DRIVER_ECM Country Id;DRIVER_*Extra 3;DRIVER_*Extra 4;DRIVER_*Extra 5;
1;13;Classified;21;45:27.792;-;-;5;2:08.501;147.4;BSI Racing;Am;;GR Cup;Toyota GR86;;;;;;;;;;;;Westin;Workman;;;USA;;;;;;;
2;72;Classified;21;45:27.965;+0.173;+0.173;5;2:08.682;147.2;TechSport;Am;;GR Cup;Toyota GR86;;;;;;;;;;;;Ethan;Goulart;;;USA;;;;;;;
3;71;Classified;21;45:28.627;+0.835;+0.662;7;2:08.908;147.0;TechSport;Am;;GR Cup;Toyota GR86;;;;;;;;;;;;Christian;Weir;;;USA;;;;;;;
4;46;Classified;21;45:28.831;+1.039;+0.204;7;2:08.501;147.4;Lucas Racing;Am;;GR Cup;Toyota GR86;;;;;;;;;;;;Lucas;Weisenberg;;;USA;;;;;;;
5;98;Classified;21;45:29.335;+1.543;+0.504;3;2:08.990;146.9;TechSport;Am;;GR Cup;Toyota GR86;;;;;;;;;;;;Max;Schweid;;;USA;;;;;;;
6;2;Classified;21;45:32.503;+4.711;+3.168;4;2:08.941;146.9;RVA Graphics Motorsports by Speed Syndicate;Am;;GR Cup;Toyota GR86;;;;;;;;;;;;Will;Robusto;;;USA;;;;;;;
7;111;Classified;21;45:33.191;+5.399;+0.688;18;2:09.171;146.7;RVA Graphics Motorsports by Speed Syndicate;Am;;GR Cup;Toyota GR86;;;;;;;;;;;;Isabella;Robusto;;;USA;;;;;;;
8;88;Classified;21;45:35.214;+7.422;+2.023;2;2:09.282;146.5;PT Autosport with Copeland Motorsports;Am;;GR Cup;Toyota GR86;;;;;;;;;;;;Max;Stallone;;;USA;;;;;;;
9;5;Classified;21;45:55.993;+28.201;+20.779;14;2:09.901;145.8;Copeland Motorsports;Am;;GR Cup;Toyota GR86;;;;;;;;;;;;Beltre;Curtis;;;USA;;;;;;;
10;113;Classified;21;45:56.103;+28.311;+0.110;7;2:09.498;146.3;Nitro Motorsports;Am;;GR Cup;Toyota GR86;;;;;;;;;;;;Ethan;Tovo;;;USA;;;;;;;
11;03;Classified;21;45:56.594;+28.802;+0.491;14;2:09.662;146.1;Precision Racing LA;Am;;GR Cup;Toyota GR86;;;;;;;;;;;;Karl;Forman;;;USA;;;;;;;
12;41;Classified;21;45:56.851;+29.059;+0.257;16;2:10.054;145.7;Copeland Motorsports;Am;;GR Cup;Toyota GR86;;;;;;;;;;;;Jenson;Sofronas;;;USA;;;;;;;
13;15;Classified;21;45:57.356;+29.564;+0.505;5;2:09.754;146.0;TechSport;Am;;GR Cup;Toyota GR86;;;;;;;;;;;;Brett;Kowalski;;;USA;;;;;;;
14;7;Classified;21;45:58.258;+30.466;+0.902;15;2:08.768;147.1;Copeland Motorsports;Am;;GR Cup;Toyota GR86;;;;;;;;;;;;Jaxon;Bell;;;USA;;;;;;;
15;93;Classified;21;46:08.090;+40.298;+9.832;7;2:10.049;145.7;Eagles Canyon Racing Powered by Fast Track;Am;;GR Cup;Toyota GR86;;;;;;;;;;;;Patrick;Brunson;;;USA;;;;;;;
16;55;Classified;21;46:14.456;+46.664;+6.366;4;2:08.834;147.1;RVA Graphics Motorsports by Speed Syndicate;Am;;GR Cup;Toyota GR86;;;;;;;;;;;;Spike;Kohlbecker;;;USA;;;;;;;
17;51;Classified;21;46:32.399;+1:04.607;+17.943;10;2:10.769;144.9;BSI Racing;Am;;GR Cup;Toyota GR86;;;;;;;;;;;;Massimo;Sunseri;;;USA;;;;;;;
18;61;Classified;21;46:35.183;+1:07.391;+2.784;16;2:11.340;144.2;Skip Barber Racing;Am;;GR Cup;Toyota GR86;;;;;;;;;;;;James;Klimas;;;USA;;;;;;;
19;80;Classified;21;46:44.456;+1:16.664;+9.273;5;2:10.784;144.9;Nitro Motorsports;Am;;GR Cup;Toyota GR86;;;;;;;;;;;;Paityn;Feyen;;;USA;;;;;;;
20;89;Classified;21;46:52.479;+1:24.687;+8.023;3;2:11.359;144.2;Eagles Canyon Racing Powered by Fast Track;Am;;GR Cup;Toyota GR86;;;;;;;;;;;;Livio;Galanti;;;ITA;;;;;;;
21;12;Classified;21;47:29.369;+2:01.577;+36.890;5;2:13.905;141.5;BSI Racing;Am;;GR Cup;Toyota GR86;;;;;;;;;;;;John;Lennon;;;USA;;;;;;;
22;21;Classified;0;;21 Laps;21 Laps;0;;;Copeland Motorsports;Am;;GR Cup;Toyota GR86;;;;;;;;;;;;Ford;Koch;;;USA;;;;;;;
23;31;Classified;0;;21 Laps;;0;;;Nitro Motorsports;Am;;GR Cup;Toyota GR86;;;;;;;;;;;;Jackson;Tovo;;;USA;;;;;;;
;78;Not started;0;;;;0;;;Nitro Motorsports;Am;;GR Cup;Toyota GR86;;;;;;;;;;;;Ethan;Ayars;;;USA;;;;;;;
