﻿POS;NUMBER;LAP;TIME;GAP_FIRST;GAP_PREVIOUS;KPH; LAPS;TEAM;CLASS;GROUP;DIVISION;VEHICLE;TIRES;ECM Participant Id;ECM Team Id;ECM Category Id;ECM Car Id;ECM Brand Id;ECM Country Id;*Extra 7;*Extra 8;*Extra 9;Sort Key;DRIVER_FIRSTNAME;DRIVER_SECONDNAME;DRIVER_LICENSE;DRIVER_HOMETOWN;DRIVER_COUNTRY;DRIVER_SHORTNAME;DRIVER_ECM Driver Id;DRIVER_ECM Country Id;DRIVER_*Extra 3;DRIVER_*Extra 4;DRIVER_*Extra 5;
1;13;4;1:36.493;-;-;138.1;5;BSI Racing;Am;;GR Cup;Toyota GR86;;;;;;;;;;;;Westin;Workman;;;USA;;;;;;;
2;72;6;1:36.846;+0.353;+0.353;137.6;9;TechSport;Am;;GR Cup;Toyota GR86;;;;;;;;;;;;Ethan;Goulart;;;USA;;;;;;;
3;22;9;1:36.875;+0.382;+0.029;137.6;9;Copeland Motorsports;Am;;GR Cup;Toyota GR86;;;;;;;;;;;;Jeremy;Fletcher;;;USA;;;;;;;
4;98;6;1:36.928;+0.435;+0.053;137.5;7;TechSport;Am;;GR Cup;Toyota GR86;;;;;;;;;;;;Max;Schweid;;;USA;;;;;;;
5;55;6;1:37.026;+0.533;+0.098;137.3;9;RVA Graphics Motorsports by Speed Syndicate;Am;;GR Cup;Toyota GR86;;;;;;;;;;;;Spike;Kohlbecker;;;USA;;;;;;;
6;47;6;1:37.040;+0.547;+0.014;137.3;9;TechSport;Am;;GR Cup;Toyota GR86;;;;;;;;;;;;Parker;DeLong;;;USA;;;;;;;
7;2;8;1:37.243;+0.750;+0.203;137.0;9;RVA Graphics Motorsports by Speed Syndicate;Am;;GR Cup;Toyota GR86;;;;;;;;;;;;Will;Robusto;;;USA;;;;;;;
8;46;3;1:37.298;+0.805;+0.055;137.0;9;Lucas Racing;Am;;GR Cup;Toyota GR86;;;;;;;;;;;;Lucas;Weisenberg;;;USA;;;;;;;
9;111;6;1:37.365;+0.872;+0.067;136.9;9;RVA Graphics Motorsports by Speed Syndicate;Am;;GR Cup;Toyota GR86;;;;;;;;;;;;Isabella;Robusto;;;USA;;;;;;;
10;31;6;1:37.381;+0.888;+0.016;136.8;9;Nitro Motorsports;Am;;GR Cup;Toyota GR86;;;;;;;;;;;;Jackson;Tovo;;;USA;;;;;;;
11;41;3;1:37.456;+0.963;+0.075;136.7;9;Copeland Motorsports;Am;;GR Cup;Toyota GR86;;;;;;;;;;;;Jenson;Sofronas;;;USA;;;;;;;
12;21;9;1:37.465;+0.972;+0.009;136.7;9;Copeland Motorsports;Am;;GR Cup;Toyota GR86;;;;;;;;;;;;Ford;Koch;;;USA;;;;;;;
13;7;4;1:37.484;+0.991;+0.019;136.7;9;Copeland Motorsports;Am;;GR Cup;Toyota GR86;;;;;;;;;;;;Jaxon;Bell;;;USA;;;;;;;
14;113;3;1:37.581;+1.088;+0.097;136.6;9;Nitro Motorsports;Am;;GR Cup;Toyota GR86;;;;;;;;;;;;Ethan;Tovo;;;USA;;;;;;;
15;5;3;1:37.597;+1.104;+0.016;136.5;9;Copeland Motorsports;Am;;GR Cup;Toyota GR86;;;;;;;;;;;;Beltre;Curtis;;;USA;;;;;;;
16;51;4;1:37.850;+1.357;+0.253;136.2;9;BSI Racing;Am;;GR Cup;Toyota GR86;;;;;;;;;;;;Massimo;Sunseri;;;USA;;;;;;;
17;88;8;1:37.936;+1.443;+0.086;136.1;9;PT Autosport with Copeland Motorsports;Am;;GR Cup;Toyota GR86;;;;;;;;;;;;Max;Stallone;;;USA;;;;;;;
18;03;7;1:38.109;+1.616;+0.173;135.8;9;Precision Racing LA;Am;;GR Cup;Toyota GR86;;;;;;;;;;;;Karl;Forman;;;USA;;;;;;;
19;93;6;1:38.313;+1.820;+0.204;135.5;9;Eagles Canyon Racing Powered by Fast Track;Am;;GR Cup;Toyota GR86;;;;;;;;;;;;Patrick;Brunson;;;USA;;;;;;;
20;80;7;1:38.339;+1.846;+0.026;135.5;9;Nitro Motorsports;Am;;GR Cup;Toyota GR86;;;;;;;;;;;;Paityn;Feyen;;;USA;;;;;;;
21;58;7;1:38.884;+2.391;+0.545;134.8;9;Copeland Motorsports;Am;;GR Cup;Toyota GR86;;;;;;;;;;;;Liam;Harrison;;;USA;;;;;;;
22;18;8;1:40.894;+4.401;+2.010;132.1;9;Precision Racing LA;Am;;GR Cup;Toyota GR86;;;;;;;;;;;;Rutledge;Wood;;;USA;;;;;;;
