﻿POS;NUMBER;LAP;TIME;GAP_FIRST;GAP_PREVIOUS;KPH; LAPS;TEAM;CLASS;GROUP;DIVISION;VEHICLE;TIRES;ECM Participant Id;ECM Team Id;ECM Category Id;ECM Car Id;ECM Brand Id;ECM Country Id;*Extra 7;*Extra 8;*Extra 9;Sort Key;DRIVER_FIRSTNAME;DRIVER_SECONDNAME;DRIVER_LICENSE;DRIVER_HOMETOWN;DRIVER_COUNTRY;DRIVER_SHORTNAME;DRIVER_ECM Driver Id;DRIVER_ECM Country Id;DRIVER_*Extra 3;DRIVER_*Extra 4;DRIVER_*Extra 5;
1;72;4;2:06.593;-;-;149.7;6;TechSport;Am;;GR Cup;Toyota GR86;;;;;;;;;;;;Ethan;Goulart;;;USA;;;;;;;
2;13;5;2:07.085;+0.492;+0.492;149.1;8;BSI Racing;Am;;GR Cup;Toyota GR86;;;;;;;;;;;;Westin;Workman;;;USA;;;;;;;
3;55;5;2:07.098;+0.505;+0.013;149.1;8;RVA Graphics Motorsports by Speed Syndicate;Am;;GR Cup;Toyota GR86;;;;;;;;;;;;Spike;Kohlbecker;;;USA;;;;;;;
4;7;3;2:07.179;+0.586;+0.081;149.0;7;Copeland Motorsports;Am;;GR Cup;Toyota GR86;;;;;;;;;;;;Jaxon;Bell;;;USA;;;;;;;
5;2;7;2:07.509;+0.916;+0.330;148.6;8;RVA Graphics Motorsports by Speed Syndicate;Am;;GR Cup;Toyota GR86;;;;;;;;;;;;Will;Robusto;;;USA;;;;;;;
6;46;6;2:08.003;+1.410;+0.494;148.0;6;Lucas Racing;Am;;GR Cup;Toyota GR86;;;;;;;;;;;;Lucas;Weisenberg;;;USA;;;;;;;
7;98;7;2:08.161;+1.568;+0.158;147.8;8;TechSport;Am;;GR Cup;Toyota GR86;;;;;;;;;;;;Max;Schweid;;;USA;;;;;;;
8;15;4;2:08.318;+1.725;+0.157;147.6;8;TechSport;Am;;GR Cup;Toyota GR86;;;;;;;;;;;;Brett;Kowalski;;;USA;;;;;;;
9;113;6;2:08.399;+1.806;+0.081;147.5;8;Nitro Motorsports;Am;;GR Cup;Toyota GR86;;;;;;;;;;;;Ethan;Tovo;;;USA;;;;;;;
10;21;6;2:08.554;+1.961;+0.155;147.4;8;Copeland Motorsports;Am;;GR Cup;Toyota GR86;;;;;;;;;;;;Ford;Koch;;;USA;;;;;;;
11;71;5;2:08.621;+2.028;+0.067;147.3;7;TechSport;Am;;GR Cup;Toyota GR86;;;;;;;;;;;;Christian;Weir;;;USA;;;;;;;
12;41;4;2:08.754;+2.161;+0.133;147.1;8;Copeland Motorsports;Am;;GR Cup;Toyota GR86;;;;;;;;;;;;Jenson;Sofronas;;;USA;;;;;;;
13;5;4;2:08.969;+2.376;+0.215;146.9;8;Copeland Motorsports;Am;;GR Cup;Toyota GR86;;;;;;;;;;;;Beltre;Curtis;;;USA;;;;;;;
14;88;7;2:09.057;+2.464;+0.088;146.8;8;PT Autosport with Copeland Motorsports;Am;;GR Cup;Toyota GR86;;;;;;;;;;;;Max;Stallone;;;USA;;;;;;;
15;93;7;2:09.308;+2.715;+0.251;146.5;8;Eagles Canyon Racing Powered by Fast Track;Am;;GR Cup;Toyota GR86;;;;;;;;;;;;Patrick;Brunson;;;USA;;;;;;;
16;31;5;2:09.349;+2.756;+0.041;146.5;7;Nitro Motorsports;Am;;GR Cup;Toyota GR86;;;;;;;;;;;;Jackson;Tovo;;;USA;;;;;;;
17;80;6;2:09.376;+2.783;+0.027;146.4;8;Nitro Motorsports;Am;;GR Cup;Toyota GR86;;;;;;;;;;;;Paityn;Feyen;;;USA;;;;;;;
18;03;5;2:09.629;+3.036;+0.253;146.1;8;Precision Racing LA;Am;;GR Cup;Toyota GR86;;;;;;;;;;;;Karl;Forman;;;USA;;;;;;;
19;89;7;2:09.893;+3.300;+0.264;145.9;8;Eagles Canyon Racing Powered by Fast Track;Am;;GR Cup;Toyota GR86;;;;;;;;;;;;Livio;Galanti;;;ITA;;;;;;;
20;51;7;2:10.968;+4.375;+1.075;144.7;7;BSI Racing;Am;;GR Cup;Toyota GR86;;;;;;;;;;;;Massimo;Sunseri;;;USA;;;;;;;
21;61;7;2:12.529;+5.936;+1.561;143.0;8;Skip Barber Racing;Am;;GR Cup;Toyota GR86;;;;;;;;;;;;James;Klimas;;;USA;;;;;;;
22;12;8;2:19.211;+12.618;+6.682;136.1;8;BSI Racing;Am;;GR Cup;Toyota GR86;;;;;;;;;;;;John;Lennon;;;USA;;;;;;;
23;16;0;;;;;0;Copeland Motorsports;Am;;GR Cup;Toyota GR86;;;;;;;;;;;;John;Dean;;;USA;;;;;;;
24;78;0;;;;;0;Nitro Motorsports;Am;;GR Cup;Toyota GR86;;;;;;;;;;;;Ethan;Ayars;;;USA;;;;;;;
25;111;0;;;;;0;RVA Graphics Motorsports by Speed Syndicate;Am;;GR Cup;Toyota GR86;;;;;;;;;;;;Isabella;Robusto;;;USA;;;;;;;
