"Pos","PIC","#","Name","Class","Laps","Total Time","Total Time (ms)","Best Time","Best Time (ms)","Best Speed","Best Lap","Diff","Gap","Points","Start Pos","Total distance","Laps led","Startgrid Comment","First Name","Last Name","2nd Best Time","2nd Best Time (ms)","Pitstops","S1 Best Time","S1 Best Time (ms)","S2 Best Time","S2 Best Time (ms)","S3 Best Time","S3 Best Time (ms)","FirstName","LastName","Additional1","Additional2","Additional3","Additional4","Additional5","Additional6","Additional7","Additional8","CarRegistration","DriverRegistration","Transponder1","Transponder2","Start PIC","Pos Gained","Pos Gained Overall"
"1","1","5","Gresham Wagner","Am","17","46:09.038",2769038,"2:29.346",149346,"82.198","14","","","25","1","57.970","17","2:27.541","Gresham","Wagner","2:29.430",149430,"","32.449",32449,"57.355",57355,"59.354",59354,"Gresham","Wagner","","219203","GR Cup","Toyota GR86","Copeland Motorsports","Toyota Gazoo Racing","USA","","entries:events-2024-sro-cota:jq4MwktJb3hs_n5HAGBsM","entries:events-2024-sro-cota:jq4MwktJb3hs_n5HAGBsM","15257379","",1,"0 (1 → 1)","0"
"2","2","13","Westin Workman","Am","17","46:10.039",2770039,"2:29.241",149241,"82.256","15","1.001","1.001","18","3","57.970","0","2:28.094","Westin","Workman","2:29.450",149450,"","32.357",32357,"57.027",57027,"59.772",59772,"Westin","Workman","","219250","GR Cup","Toyota GR86","Copeland Motorsports","Toyota Gazoo Racing","USA","","entries:events-2024-sro-cota:D_Kuz9gCsmU5ekLPSWF8v","entries:events-2024-sro-cota:D_Kuz9gCsmU5ekLPSWF8v","15241424","",3,"1 (3 → 2)","1"
"3","3","99","Jaxon Bell","Am","17","46:15.522",2775522,"2:29.576",149576,"82.072","13","6.484","5.483","15","2","57.970","0","2:27.896","Jaxon","Bell","2:29.646",149646,"","32.437",32437,"57.334",57334,"59.666",59666,"Jaxon","Bell","","219090","GR Cup","Toyota GR86","Copeland Motorsports","Toyota Gazoo Racing","USA","","entries:events-2024-sro-cota:N6WMshj1VUKEXqQkzFq4a","entries:events-2024-sro-cota:N6WMshj1VUKEXqQkzFq4a","13153784","",2,"-1 (2 → 3)","-1"
"4","4","46","Lucas Weisenberg","Am","17","46:24.312",2784312,"2:30.247",150247,"81.705","6","15.274","8.790","12","4","57.970","0","2:28.404","Lucas","Weisenberg","2:30.377",150377,"","32.667",32667,"57.550",57550,"59.851",59851,"Lucas","Weisenberg","","219272","GR Cup","Toyota GR86","Lucas Racing","Toyota Gazoo Racing","USA","","entries:events-2024-sro-cota:_vSMjpo8H_5GBfjgHyGUE","entries:events-2024-sro-cota:_vSMjpo8H_5GBfjgHyGUE","12208074","",4,"0 (4 → 4)","0"
"5","5","55","Spike Kohlbecker","Am","17","46:25.145",2785145,"2:30.316",150316,"81.668","16","16.107","0.833","10","5","57.970","0","2:28.541","Spike","Kohlbecker","2:30.464",150464,"","32.651",32651,"57.430",57430,"59.874",59874,"Spike","Kohlbecker","","219122","GR Cup","Toyota GR86","TechSport Racing","Toyota Gazoo Racing","USA","","entries:events-2024-sro-cota:kQi1rtvncRp7Rzhg_xBiT","entries:events-2024-sro-cota:kQi1rtvncRp7Rzhg_xBiT","11385466","",5,"0 (5 → 5)","0"
"6","6","18","Jordan RickSegrini","Am","17","46:25.472",2785472,"2:30.477",150477,"81.581","10","16.434","0.327","8","7","57.970","0","2:28.791","Jordan","RickSegrini","2:30.538",150538,"","32.701",32701,"57.422",57422,"1:00.099",60099,"Jordan","RickSegrini","","219283","GR Cup","Toyota GR86","BSI Racing","Toyota Gazoo Racing","USA","","entries:events-2024-sro-cota:NQaU9Oqhp5E8H63oir4LL","entries:events-2024-sro-cota:NQaU9Oqhp5E8H63oir4LL","12415550","",7,"1 (7 → 6)","1"
"7","7","22","Devin Anderson","Am","17","46:26.226",2786226,"2:30.301",150301,"81.676","13","17.188","0.754","6","8","57.970","0","2:28.804","Devin","Anderson","2:30.465",150465,"","32.626",32626,"57.401",57401,"1:00.160",60160,"Devin","Anderson","","219213","GR Cup","Toyota GR86","TechSport Racing","Toyota Gazoo Racing","USA","","entries:events-2024-sro-cota:A8tM_zEF4W6hMArB3a8W7","entries:events-2024-sro-cota:A8tM_zEF4W6hMArB3a8W7","11308725","",8,"1 (8 → 7)","1"
"8","8","51","Adam Brickley","Am","17","46:27.385",2787385,"2:30.492",150492,"81.572","13","18.347","1.159","4","6","57.970","0","2:28.787","Adam","Brickley","2:30.609",150609,"","32.771",32771,"57.519",57519,"1:00.057",60057,"Adam","Brickley","","219295","GR Cup","Toyota GR86","Copeland Motorsports","Toyota Gazoo Racing","USA","","entries:events-2024-sro-cota:1A_jPewS7Su4N_DXwDXLU","entries:events-2024-sro-cota:1A_jPewS7Su4N_DXwDXLU","12714404","",6,"-2 (6 → 8)","-2"
"9","9","76","Steven Clemons","Am","17","46:30.265",2790265,"2:30.786",150786,"81.413","12","21.227","2.880","2","11","57.970","0","2:28.898","Steven","Clemons","2:30.890",150890,"","32.758",32758,"57.352",57352,"1:00.133",60133,"Steven","Clemons","","219225","GR Cup","Toyota GR86","BSI Racing","Toyota Gazoo Racing","USA","","entries:events-2024-sro-cota:lPSTpP2K_7zJF2PzyS77A","entries:events-2024-sro-cota:lPSTpP2K_7zJF2PzyS77A","13032211","",11,"2 (11 → 9)","2"
"10","10","14","Alex Garcia","Am","17","46:37.618",2797618,"2:30.768",150768,"81.423","15","28.580","7.353","1","25","57.970","0","2:32.102","Alex","Garcia","2:30.944",150944,"","32.599",32599,"57.479",57479,"1:00.455",60455,"Alex","Garcia","","219120","GR Cup","Toyota GR86","Skip Barber Racing","Toyota Gazoo Racing","USA","","entries:events-2024-sro-cota:PZXURr7q2oXLTJiA_zMYb","entries:events-2024-sro-cota:PZXURr7q2oXLTJiA_zMYb","15057570","",25,"15 (25 → 10)","15"
"11","11","11","Austin Dodge","Am","17","46:38.069",2798069,"2:30.786",150786,"81.413","7","29.031","0.451","0","15","57.970","0","2:29.648","Austin","Dodge","2:31.080",151080,"","32.861",32861,"57.719",57719,"1:00.191",60191,"Austin","Dodge","","219268","GR Cup","Toyota GR86","RVA Graphics Motorsports by Speed Syndicate","Toyota Gazoo Racing","USA","","entries:events-2024-sro-cota:fsArOOiWGipF2rq_GY8sy","entries:events-2024-sro-cota:fsArOOiWGipF2rq_GY8sy","10741809","",15,"4 (15 → 11)","4"
"12","12","24","Jade Avedisian","Am","17","46:39.463",2799463,"2:30.456",150456,"81.592","14","30.425","1.394","0","20","57.970","0","2:30.114","Jade","Avedisian","2:30.624",150624,"","32.543",32543,"57.385",57385,"59.821",59821,"Jade","Avedisian","","219104","GR Cup","Toyota GR86","Nitro Motorsports","Toyota Gazoo Racing","USA","","entries:events-2024-sro-cota:zneEhSIHSC6v1bYuVZFCG","entries:events-2024-sro-cota:zneEhSIHSC6v1bYuVZFCG","10544198","",20,"8 (20 → 12)","8"
"13","13","39","Maximilian Hewitt","Am","17","46:46.074",2806074,"2:31.097",151097,"81.246","15","37.036","6.611","0","17","57.970","0","2:29.901","Maximilian","Hewitt","2:31.116",151116,"","32.792",32792,"57.790",57790,"1:00.241",60241,"Maximilian","Hewitt","","219206","GR Cup","Toyota GR86","BSI Racing","Toyota Gazoo Racing","USA","","entries:events-2024-sro-cota:WR7-4L5Im-cZhjwzDow_2","entries:events-2024-sro-cota:WR7-4L5Im-cZhjwzDow_2","13778007","",17,"4 (17 → 13)","4"
"14","14","09","Maddie Aust","Am","17","46:46.428",2806428,"2:31.307",151307,"81.133","14","37.390","0.354","0","18","57.970","0","2:29.947","Maddie","Aust","2:31.455",151455,"","32.690",32690,"58.061",58061,"1:00.264",60264,"Maddie","Aust","","218788","GR Cup","Toyota GR86","BSI Racing","Toyota Gazoo Racing","USA","","entries:events-2024-sro-cota:_QDYhJUB-wE8M4RS8zjqw","entries:events-2024-sro-cota:_QDYhJUB-wE8M4RS8zjqw","14061566","",18,"4 (18 → 14)","4"
"15","15","50","Casey Mashore","Am","17","46:51.716",2811716,"2:31.654",151654,"80.947","9","42.678","5.288","0","19","57.970","0","2:30.037","Casey","Mashore","2:31.667",151667,"","32.757",32757,"57.893",57893,"1:00.692",60692,"Casey","Mashore","","219242","GR Cup","Toyota GR86","Mashore Autobody","Toyota Gazoo Racing","USA","","entries:events-2024-sro-cota:ihP6wQdnDxrAMGDKI0n_-","entries:events-2024-sro-cota:ihP6wQdnDxrAMGDKI0n_-","10127188","",19,"4 (19 → 15)","4"
"16","16","77","William Lambros","Am","17","46:52.626",2812626,"2:31.918",151918,"80.807","9","43.588","0.910","0","14","57.970","0","2:29.483","William","Lambros","2:32.254",152254,"","33.062",33062,"57.784",57784,"1:00.448",60448,"William","Lambros","","219145","GR Cup","Toyota GR86","Skip Barber Racing","Toyota Gazoo Racing","USA","","entries:events-2024-sro-cota:6CAGIXjLdXcD1QPpS2LD-","entries:events-2024-sro-cota:6CAGIXjLdXcD1QPpS2LD-","15422081","",14,"-2 (14 → 16)","-2"
"17","17","31","Luke Rumburg","Am","17","46:54.624",2814624,"2:31.970",151970,"80.779","16","45.586","1.998","0","21","57.970","0","2:30.187","Luke","Rumburg","2:31.982",151982,"","32.931",32931,"58.310",58310,"1:00.375",60375,"Luke","Rumburg","","218701","GR Cup","Toyota GR86","RVA Graphics Motorsports by Speed Syndicate","Toyota Gazoo Racing","USA","","entries:events-2024-sro-cota:FAq1oeKnRxcHLMNhlaOVO","entries:events-2024-sro-cota:FAq1oeKnRxcHLMNhlaOVO","16199534","",21,"4 (21 → 17)","4"
"18","18","80","Tyler Wettengel","Am","17","46:58.378",2818378,"2:32.384",152384,"80.560","9","49.340","3.754","0","22","57.970","0","2:30.204","Tyler","Wettengel","2:32.592",152592,"","32.995",32995,"58.037",58037,"1:00.716",60716,"Tyler","Wettengel","","219101","GR Cup","Toyota GR86","Nitro Motorsports","Toyota Gazoo Racing","USA","","entries:events-2024-sro-cota:eVMfepJbzxsZ69eyOZOYk","entries:events-2024-sro-cota:eVMfepJbzxsZ69eyOZOYk","15012542","",22,"4 (22 → 18)","4"
"19","19","88","Henry Drury","Am","17","47:02.593",2822593,"2:31.166",151166,"81.209","13","53.555","4.215","0","13","57.970","0","2:29.299","Henry","Drury","2:31.276",151276,"","32.832",32832,"57.680",57680,"1:00.416",60416,"Henry","Drury","","219218","GR Cup","Toyota GR86","Precision Racing LA w/ PT Autosport","Toyota Gazoo Racing","GBR","","entries:events-2024-sro-cota:7OJg2Yd03D0Yj02D9afYt","entries:events-2024-sro-cota:7OJg2Yd03D0Yj02D9afYt","13339178","",13,"-6 (13 → 19)","-6"
"20","20","75","Miki Onaga","Am","17","47:06.994",2826994,"2:32.129",152129,"80.695","10","57.956","4.401","0","23","57.970","0","2:31.130","Miki","Onaga","2:32.479",152479,"","32.924",32924,"58.194",58194,"1:00.652",60652,"Miki","Onaga","","","GR Cup","Toyota GR86","Hattori Motorsports","Toyota Gazoo Racing","JAP","","entries:events-2024-sro-cota:eZb9v6bRgP2OwPM5DL3VA","entries:events-2024-sro-cota:eZb9v6bRgP2OwPM5DL3VA","12969501","",23,"3 (23 → 20)","3"
"21","21","47","Ayden Kirk","Am","17","47:06.999",2826999,"2:32.319",152319,"80.594","10","57.961","0.005","0","24","57.970","0","2:31.392","Ayden","Kirk","2:32.722",152722,"","32.907",32907,"58.234",58234,"1:00.815",60815,"Ayden","Kirk","","","GR Cup","Toyota GR86","TechSport Racing","Toyota Gazoo Racing","USA","","entries:events-2024-sro-cota:jS74YkVJcFzPnN7BZMXRD","entries:events-2024-sro-cota:jS74YkVJcFzPnN7BZMXRD","11286329","",24,"3 (24 → 21)","3"
"22","22","3","Jason Kos","Am","17","47:14.237",2834237,"2:32.898",152898,"80.289","14","1:05.199","7.238","0","27","57.970","0","2:32.322","Jason","Kos","2:33.360",153360,"","33.135",33135,"58.550",58550,"1:01.013",61013,"Jason","Kos","","219094","GR Cup","Toyota GR86","Eagles Canyon Racing powered by Fast Track","Toyota Gazoo Racing","USA","","entries:events-2024-sro-cota:PQlzH9epiVLLnEfg8a9ln","entries:events-2024-sro-cota:PQlzH9epiVLLnEfg8a9ln","11191062","",27,"5 (27 → 22)","5"
"23","23","25","Alfonso Diaz","Am","17","47:15.532",2835532,"2:33.234",153234,"80.113","13","1:06.494","1.295","0","26","57.970","0","2:32.120","Alfonso","Diaz","2:33.243",153243,"","33.142",33142,"58.614",58614,"1:01.001",61001,"Alfonso","Diaz","","219082","GR Cup","Toyota GR86","TechSport Racing","Toyota Gazoo Racing","PRI","","entries:events-2024-sro-cota:GrInyKtAxuH3-4UJS_r5W","entries:events-2024-sro-cota:GrInyKtAxuH3-4UJS_r5W","13583245","",26,"3 (26 → 23)","3"
"24","24","61","James Klimas","Am","17","47:33.159",2853159,"2:34.354",154354,"79.531","10","1:24.121","17.627","0","29","57.970","0","2:33.965","James","Klimas","2:34.505",154505,"","33.391",33391,"58.816",58816,"1:01.443",61443,"James","Klimas","","219118","GR Cup","Toyota GR86","Skip Barber Racing","Toyota Gazoo Racing","USA","","entries:events-2024-sro-cota:4g-bMzXlrE5s2lQ5fJ9MP","entries:events-2024-sro-cota:4g-bMzXlrE5s2lQ5fJ9MP","12079696","",29,"5 (29 → 24)","5"
"25","25","86","Andrew Gilleland","Am","17","47:34.742",2854742,"2:34.265",154265,"79.577","10","1:25.704","1.583","0","28","57.970","0","2:33.089","Andrew","Gilleland","2:34.842",154842,"","33.408",33408,"59.442",59442,"1:01.257",61257,"Andrew","Gilleland","","","GR Cup","Toyota GR86","Eagles Canyon Racing powered by Fast Track","Toyota Gazoo Racing","USA","","entries:events-2024-sro-cota:SpPtwdoW5tDw-PUWS3t0O","entries:events-2024-sro-cota:SpPtwdoW5tDw-PUWS3t0O","16239460","",28,"3 (28 → 25)","3"
"26","26","21","Livio Galanti","Am","16","44:13.236",2653236,"2:30.933",150933,"81.334","14","1 Lap","1 Lap","0","16","54.560","0","2:29.717","Livio","Galanti","2:31.106",151106,"","32.576",32576,"57.543",57543,"1:00.281",60281,"Livio","Galanti","","219073","GR Cup","Toyota GR86","Eagles Canyon Racing powered by Fast Track","Toyota Gazoo Racing","USA","","entries:events-2024-sro-cota:FSkNzdfan_qDMuUZx1bCb","entries:events-2024-sro-cota:FSkNzdfan_qDMuUZx1bCb","11765029","",16,"-10 (16 → 26)","-10"
"27","27","20","Ramon Llanos","Am","16","46:19.513",2779513,"2:40.702",160702,"76.390","6","1 Lap","2:06.277","0","30","54.560","0","2:36.923","Ramon","Llanos","2:41.277",161277,"","34.657",34657,"1:01.207",61207,"1:03.611",63611,"Ramon","Llanos","","","GR Cup","Toyota GR86","Eagles Canyon Racing powered by Fast Track","Toyota Gazoo Racing","MEX","","entries:events-2024-sro-cota:I0LA1Bqphwyy78FYKBU9e","entries:events-2024-sro-cota:I0LA1Bqphwyy78FYKBU9e","14496123","",30,"3 (30 → 27)","3"
"","","57","Mia Lovell","Am","1","2:57.349",177349,"","","-","0","16 Laps","15 Laps","0","10","3.410","0","2:28.826","Mia","Lovell","","","1","37.997",37997,"58.911",58911,"","","Mia","Lovell","","218686","GR Cup","Toyota GR86","Copeland Motorsports","Toyota Gazoo Racing","USA","","entries:events-2024-sro-cota:yenahMlkJwKEOId8Hhb2L","entries:events-2024-sro-cota:yenahMlkJwKEOId8Hhb2L","10314665","",,"","NaN"
"","","34","Braydon Arthur","Am","","1.027",1027,"","","-","0","17 Laps","1 Lap","0","9","-","0","2:28.814","Braydon","Arthur","","","","37.626",37626,"58.253",58253,"","","Braydon","Arthur","","219195","GR Cup","Toyota GR86","JMF Motorsports","Toyota Gazoo Racing","CAN","","entries:events-2024-sro-cota:V0g-Nov2BW63AnLcPGWGS","entries:events-2024-sro-cota:V0g-Nov2BW63AnLcPGWGS","15222059","",,"","NaN"
"","","44","Aidan Yoder","Am","","1.362",1362,"","","-","0","17 Laps","0.335","0","12","-","0","2:28.950","Aidan","Yoder","","","","37.901",37901,"58.613",58613,"","","Aidan","Yoder","","219270","GR Cup","Toyota GR86","Precision Racing LA","Toyota Gazoo Racing","USA","","entries:events-2024-sro-cota:CM9JG4N8gKc_YD4xA2mUh","entries:events-2024-sro-cota:CM9JG4N8gKc_YD4xA2mUh","14864382","",,"","NaN"