﻿POS;NUMBER;LAP;TIME;GAP_FIRST;GAP_PREVIOUS;KPH; LAPS;TEAM;CLASS;GROUP;DIVISION;VEHICLE;TIRES;ECM Participant Id;ECM Team Id;ECM Category Id;ECM Car Id;ECM Brand Id;ECM Country Id;*Extra 7;*Extra 8;*Extra 9;Sort Key;DRIVER_FIRSTNAME;DRIVER_SECONDNAME;DRIVER_LICENSE;DRIVER_HOMETOWN;DRIVER_COUNTRY;DRIVER_SHORTNAME;DRIVER_ECM Driver Id;DRIVER_ECM Country Id;DRIVER_*Extra 3;DRIVER_*Extra 4;DRIVER_*Extra 5;
1;13;3;2:24.489;-;-;150.0;5;BSI Racing;Am;;GR Cup;Toyota GR86;;;;;;;;;;;;Westin;Workman;;;USA;;;;;;;
2;72;4;2:24.570;+0.081;+0.081;149.9;6;TechSport;Am;;GR Cup;Toyota GR86;;;;;;;;;;;;Ethan;Goulart;;;USA;;;;;;;
3;7;5;2:24.588;+0.099;+0.018;149.9;7;Copeland Motorsports;Am;;GR Cup;Toyota GR86;;;;;;;;;;;;Jaxon;Bell;;;USA;;;;;;;
4;16;7;2:24.589;+0.100;+0.001;149.9;7;Copeland Motorsports;Am;Legends;GR Cup;Toyota GR86;;;;;;;;;;;;John;Dean;;;USA;;;;;;;
5;78;6;2:24.849;+0.360;+0.260;149.6;6;Nitro Motorsports;Am;;GR Cup;Toyota GR86;;;;;;;;;;;;Ethan;Ayars;;;USA;;;;;;;
6;55;4;2:24.911;+0.422;+0.062;149.5;6;RVA Graphics Motorsports by Speed Syndicate;Am;;GR Cup;Toyota GR86;;;;;;;;;;;;Spike;Kohlbecker;;;USA;;;;;;;
7;46;2;2:25.088;+0.599;+0.177;149.3;7;Lucas Racing;Am;;GR Cup;Toyota GR86;;;;;;;;;;;;Lucas;Weisenberg;;;USA;;;;;;;
8;15;4;2:25.309;+0.820;+0.221;149.1;6;TechSport;Am;;GR Cup;Toyota GR86;;;;;;;;;;;;Brett;Kowalski;;;USA;;;;;;;
9;2;6;2:25.394;+0.905;+0.085;149.0;7;RVA Graphics Motorsports by Speed Syndicate;Am;;GR Cup;Toyota GR86;;;;;;;;;;;;Will;Robusto;;;USA;;;;;;;
10;98;6;2:25.436;+0.947;+0.042;149.0;6;TechSport;Am;;GR Cup;Toyota GR86;;;;;;;;;;;;Max;Schweid;;;USA;;;;;;;
11;5;3;2:25.540;+1.051;+0.104;148.9;6;Copeland Motorsports;Am;;GR Cup;Toyota GR86;;;;;;;;;;;;Beltre;Curtis;;;USA;;;;;;;
12;113;4;2:25.573;+1.084;+0.033;148.8;6;Nitro Motorsports;Am;;GR Cup;Toyota GR86;;;;;;;;;;;;Ethan;Tovo;;;USA;;;;;;;
13;41;6;2:25.773;+1.284;+0.200;148.6;6;Copeland Motorsports;Am;;GR Cup;Toyota GR86;;;;;;;;;;;;Jenson;Sofronas;;;USA;;;;;;;
14;31;5;2:25.815;+1.326;+0.042;148.6;6;Nitro Motorsports;Am;;GR Cup;Toyota GR86;;;;;;;;;;;;Jackson;Tovo;;;USA;;;;;;;
15;47;3;2:25.869;+1.380;+0.054;148.5;6;TechSport;Am;;GR Cup;Toyota GR86;;;;;;;;;;;;Ayden;Kirk;;;USA;;;;;;;
16;71;6;2:25.891;+1.402;+0.022;148.5;6;TechSport;Am;;GR Cup;Toyota GR86;;;;;;;;;;;;Christian;Weir;;;USA;;;;;;;
17;21;6;2:25.912;+1.423;+0.021;148.5;7;Copeland Motorsports;Am;;GR Cup;Toyota GR86;;;;;;;;;;;;Ford;Koch;;;USA;;;;;;;
18;88;4;2:26.447;+1.958;+0.535;148.0;5;PT Autosport with Copeland Motorsports;Am;;GR Cup;Toyota GR86;;;;;;;;;;;;Zach;Hollingshead;;;USA;;;;;;;
19;03;6;2:26.538;+2.049;+0.091;147.9;6;Precision Racing LA;Am;;GR Cup;Toyota GR86;;;;;;;;;;;;Karl;Forman;;;USA;;;;;;;
20;51;6;2:26.682;+2.193;+0.144;147.7;6;BSI Racing;Am;;GR Cup;Toyota GR86;;;;;;;;;;;;Massimo;Sunseri;;;USA;;;;;;;
21;11;6;2:27.195;+2.706;+0.513;147.2;6;RVA Graphics Motorsports by Speed Syndicate;Am;Legends;GR Cup;Toyota GR86;;;;;;;;;;;;Farran;Davis;;;USA;;;;;;;
22;80;4;2:28.224;+3.735;+1.029;146.2;6;Nitro Motorsports;Am;;GR Cup;Toyota GR86;;;;;;;;;;;;Paityn;Feyen;;;USA;;;;;;;
