﻿POS;NUMBER;LAP;TIME;GAP_FIRST;GAP_PREVIOUS;KPH; LAPS;TEAM;CLASS;GROUP;DIVISION;VEHICLE;TIRES;ECM Participant Id;ECM Team Id;ECM Category Id;ECM Car Id;ECM Brand Id;ECM Country Id;*Extra 7;*Extra 8;*Extra 9;Sort Key;DRIVER_FIRSTNAME;DRIVER_SECONDNAME;DRIVER_LICENSE;DRIVER_HOMETOWN;DRIVER_COUNTRY;DRIVER_SHORTNAME;DRIVER_ECM Driver Id;DRIVER_ECM Country Id;DRIVER_*Extra 3;DRIVER_*Extra 4;DRIVER_*Extra 5;
1;2;3;2:13.033;-;-;103.9;5;RVA Graphics Motorsports by Speed Syndicate;Am;;GR Cup;Toyota GR86;;;;;;;;;;;;Will;Robusto;;;USA;;;;;;;
2;98;3;2:14.049;+1.016;+1.016;103.1;5;TechSport;Am;;GR Cup;Toyota GR86;;;;;;;;;;;;Max;Schweid;;;USA;;;;;;;
3;7;3;2:14.075;+1.042;+0.026;103.1;6;Copeland Motorsports;Am;;GR Cup;Toyota GR86;;;;;;;;;;;;Jaxon;Bell;;;USA;;;;;;;
4;78;3;2:15.635;+2.602;+1.560;101.9;6;Nitro Motorsports;Am;;GR Cup;Toyota GR86;;;;;;;;;;;;Ethan;Ayars;;;USA;;;;;;;
5;89;3;2:15.709;+2.676;+0.074;101.8;5;Eagles Canyon Racing Powered by Fast Track;Am;;GR Cup;Toyota GR86;;;;;;;;;;;;Livio;Galanti*;;;ITA;;;;;;;
6;71;3;2:15.720;+2.687;+0.011;101.8;5;TechSport;Am;;GR Cup;Toyota GR86;;;;;;;;;;;;Christian;Weir;;;USA;;;;;;;
7;17;3;2:15.863;+2.830;+0.143;101.7;5;van der Steur Racing;Am;;GR Cup;Toyota GR86;;;;;;;;;;;;Miles;Hewitt;;;USA;;;;;;;
8;55;3;2:15.887;+2.854;+0.024;101.7;5;RVA Graphics Motorsports by Speed Syndicate;Am;;GR Cup;Toyota GR86;;;;;;;;;;;;Spike;Kohlbecker;;;USA;;;;;;;
9;46;3;2:16.057;+3.024;+0.170;101.6;5;Lucas Racing;Am;;GR Cup;Toyota GR86;;;;;;;;;;;;Lucas;Weisenberg;;;USA;;;;;;;
10;21;3;2:16.660;+3.627;+0.603;101.1;6;Copeland Motorsports;Am;;GR Cup;Toyota GR86;;;;;;;;;;;;Ford;Koch;;;USA;;;;;;;
11;50;3;2:16.732;+3.699;+0.072;101.1;5;Mashore Autobody;Am;;GR Cup;Toyota GR86;;;;;;;;;;;;Casey;Mashore;;;USA;;;;;;;
12;72;3;2:16.737;+3.704;+0.005;101.1;5;TechSport;Am;;GR Cup;Toyota GR86;;;;;;;;;;;;Ethan;Goulart;;;USA;;;;;;;
13;47;3;2:16.881;+3.848;+0.144;100.9;5;TechSport;Am;;GR Cup;Toyota GR86;;;;;;;;;;;;Ayden;Kirk;;;USA;;;;;;;
14;16;3;2:16.942;+3.909;+0.061;100.9;5;Copeland Motorsports;Am;;GR Cup;Toyota GR86;;;;;;;;;;;;John;Dean*;;;USA;;;;;;;
15;3;3;2:17.611;+4.578;+0.669;100.4;5;Eagles Canyon Racing Powered by Fast Track;Am;;GR Cup;Toyota GR86;;;;;;;;;;;;Jason;Kos*;;;USA;;;;;;;
16;88;3;2:17.900;+4.867;+0.289;100.2;5;PT Autosport with Copeland Motorsports;Am;;GR Cup;Toyota GR86;;;;;;;;;;;;Zach;Hollingshead;;;USA;;;;;;;
17;13;2;2:17.974;+4.941;+0.074;100.1;5;BSI Racing;Am;;GR Cup;Toyota GR86;;;;;;;;;;;;Westin;Workman;;;USA;;;;;;;
18;03;3;2:18.319;+5.286;+0.345;99.9;5;Precision Racing LA;Am;;GR Cup;Toyota GR86;;;;;;;;;;;;Karl;Forman;;;USA;;;;;;;
19;51;3;2:19.554;+6.521;+1.235;99.0;5;BSI Racing;Am;;GR Cup;Toyota GR86;;;;;;;;;;;;Massimo;Sunseri;;;USA;;;;;;;
20;73;2;2:19.655;+6.622;+0.101;98.9;5;Precision Racing LA;Am;;GR Cup;Toyota GR86;;;;;;;;;;;;Mike;Lamarra*;;;USA;;;;;;;
21;31;3;2:20.395;+7.362;+0.740;98.4;5;Nitro Motorsports;Am;;GR Cup;Toyota GR86;;;;;;;;;;;;Jackson;Tovo;;;USA;;;;;;;
22;41;3;2:20.427;+7.394;+0.032;98.4;5;Copeland Motorsports;Am;;GR Cup;Toyota GR86;;;;;;;;;;;;Jenson;Sofronas;;;USA;;;;;;;
23;113;3;2:20.690;+7.657;+0.263;98.2;5;Nitro Motorsports;Am;;GR Cup;Toyota GR86;;;;;;;;;;;;Ethan;Tovo;;;USA;;;;;;;
24;15;3;2:21.108;+8.075;+0.418;97.9;5;TechSport;Am;;GR Cup;Toyota GR86;;;;;;;;;;;;Brett;Kowalski;;;USA;;;;;;;
25;14;3;2:23.033;+10.000;+1.925;96.6;5;Skip Barber Racing;Am;;GR Cup;Toyota GR86;;;;;;;;;;;;Alex;Garcia;;;USA;;;;;;;
26;11;3;2:24.791;+11.758;+1.758;95.4;5;RVA Graphics Motorsports by Speed Syndicate;Am;;GR Cup;Toyota GR86;;;;;;;;;;;;Farran;Davis*;;;USA;;;;;;;
;5;3;2:27.230;;;93.9;5;Copeland Motorsports;Am;;GR Cup;Toyota GR86;;;;;;;;;;;;Beltre;Curtis;;;USA;;;;;;;
;67;3;2:27.410;;;93.7;3;BSI Racing;Am;;GR Cup;Toyota GR86;;;;;;;;;;;;Shea;Holbrook;;;USA;;;;;;;
;80;3;2:27.523;;;93.7;5;Nitro Motorsports;Am;;GR Cup;Toyota GR86;;;;;;;;;;;;Paityn;Feyen;;;USA;;;;;;;
;12;3;2:28.384;;;93.1;5;Copeland Motorsports;Am;;GR Cup;Toyota GR86;;;;;;;;;;;;John;Lennon*;;;USA;;;;;;;
;93;0;;;;;2;Eagles Canyon Racing Powered by Fast Track;Am;;GR Cup;Toyota GR86;;;;;;;;;;;;Patrick;Brunson;;;USA;;;;;;;
