﻿POS;NUMBER;LAP;TIME;GAP_FIRST;GAP_PREVIOUS;KPH; LAPS;TEAM;CLASS;GROUP;DIVISION;VEHICLE;TIRES;ECM Participant Id;ECM Team Id;ECM Category Id;ECM Car Id;ECM Brand Id;ECM Country Id;*Extra 7;*Extra 8;*Extra 9;Sort Key;DRIVER_FIRSTNAME;DRIVER_SECONDNAME;DRIVER_LICENSE;DRIVER_HOMETOWN;DRIVER_COUNTRY;DRIVER_SHORTNAME;DRIVER_ECM Driver Id;DRIVER_ECM Country Id;DRIVER_*Extra 3;DRIVER_*Extra 4;DRIVER_*Extra 5;
1;22;7;2:31.912;-;-;154.4;9;Copeland Motorsports;Am;;GR Cup;Toyota GR86;;;;;;;;;;;;Jeremy;Fletcher;;;;;;;;;;
2;2;9;2:32.098;+0.186;+0.186;154.2;9;RVA Graphics Motorsports by Speed Syndicate;Am;;GR Cup;Toyota GR86;;;;;;;;;;;;Will;Robusto;;;;;;;;;;
3;55;7;2:32.201;+0.289;+0.103;154.1;9;RVA Graphics Motorsports by Speed Syndicate;Am;;GR Cup;Toyota GR86;;;;;;;;;;;;Spike;Kohlbecker;;;;;;;;;;
4;13;7;2:32.659;+0.747;+0.458;153.6;9;BSI Racing;Am;;GR Cup;Toyota GR86;;;;;;;;;;;;Westin;Workman;;;;;;;;;;
5;72;7;2:32.730;+0.818;+0.071;153.6;9;TechSport;Am;;GR Cup;Toyota GR86;;;;;;;;;;;;Ethan;Goulart;;;;;;;;;;
6;46;4;2:32.750;+0.838;+0.020;153.5;8;Lucas Racing;Am;;GR Cup;Toyota GR86;;;;;;;;;;;;Lucas;Weisenberg;;;;;;;;;;
7;7;3;2:32.756;+0.844;+0.006;153.5;9;Copeland Motorsports;Am;;GR Cup;Toyota GR86;;;;;;;;;;;;Jaxon;Bell;;;;;;;;;;
8;47;6;2:32.848;+0.936;+0.092;153.4;8;TechSport;Am;;GR Cup;Toyota GR86;;;;;;;;;;;;Parker;DeLong;;;;;;;;;;
9;113;9;2:33.142;+1.230;+0.294;153.1;9;Nitro Motorsports;Am;;GR Cup;Toyota GR86;;;;;;;;;;;;Ethan;Tovo;;;;;;;;;;
10;31;8;2:33.243;+1.331;+0.101;153.0;9;Nitro Motorsports;Am;;GR Cup;Toyota GR86;;;;;;;;;;;;Jackson;Tovo;;;;;;;;;;
11;98;6;2:33.391;+1.479;+0.148;152.9;8;TechSport;Am;;GR Cup;Toyota GR86;;;;;;;;;;;;Max;Schweid;;;;;;;;;;
12;21;3;2:33.693;+1.781;+0.302;152.6;9;Copeland Motorsports;Am;;GR Cup;Toyota GR86;;;;;;;;;;;;Ford;Koch;;;;;;;;;;
13;15;7;2:33.783;+1.871;+0.090;152.5;9;TechSport;Am;;GR Cup;Toyota GR86;;;;;;;;;;;;Brett;Kowalski;;;;;;;;;;
14;5;4;2:34.052;+2.140;+0.269;152.2;4;Copeland Motorsports;Am;;GR Cup;Toyota GR86;;;;;;;;;;;;Beltre;Curtis;;;;;;;;;;
15;71;6;2:34.133;+2.221;+0.081;152.2;6;TechSport;Am;;GR Cup;Toyota GR86;;;;;;;;;;;;Christian;Weir;;;;;;;;;;
16;88;3;2:34.158;+2.246;+0.025;152.1;9;PT Autosport with Copeland Motorsports;Am;;GR Cup;Toyota GR86;;;;;;;;;;;;Max;Stallone;;;;;;;;;;
17;41;3;2:34.165;+2.253;+0.007;152.1;9;Copeland Motorsports;Am;;GR Cup;Toyota GR86;;;;;;;;;;;;Jenson;Sofronas;;;;;;;;;;
18;03;7;2:34.533;+2.621;+0.368;151.8;8;Precision Racing LA;Am;;GR Cup;Toyota GR86;;;;;;;;;;;;Karl;Forman;;;;;;;;;;
19;58;2;2:34.797;+2.885;+0.264;151.5;9;Copeland Motorsports;Am;;GR Cup;Toyota GR86;;;;;;;;;;;;Jack;Murchison;;;;;;;;;;
20;89;8;2:34.833;+2.921;+0.036;151.5;8;Eagles Canyon Racing Powered by Fast Track;Am;Legends;GR Cup;Toyota GR86;;;;;;;;;;;;Livio;Galanti;;;;;;;;;;
21;51;9;2:34.874;+2.962;+0.041;151.4;9;BSI Racing;Am;;GR Cup;Toyota GR86;;;;;;;;;;;;Massimo;Sunseri;;;;;;;;;;
22;80;7;2:35.626;+3.714;+0.752;150.7;9;Nitro Motorsports;Am;;GR Cup;Toyota GR86;;;;;;;;;;;;Paityn;Feyen;;;;;;;;;;
23;11;7;2:35.977;+4.065;+0.351;150.4;9;RVA Graphics Motorsports by Speed Syndicate;Am;Legends;GR Cup;Toyota GR86;;;;;;;;;;;;Farran;Davis;;;;;;;;;;
24;86;9;2:37.732;+5.820;+1.755;148.7;9;Eagles Canyon Racing Powered by Fast Track;Am;Legends;GR Cup;Toyota GR86;;;;;;;;;;;;Andrew;Gilleland;;;;;;;;;;
25;12;8;2:37.943;+6.031;+0.211;148.5;9;BSI Racing;Am;Legends;GR Cup;Toyota GR86;;;;;;;;;;;;John;Lennon;;;;;;;;;;
26;8;8;2:38.081;+6.169;+0.138;148.4;8;Eagles Canyon Racing Powered by Fast Track;Am;Legends;GR Cup;Toyota GR86;;;;;;;;;;;;Tom;Rudnai;;;;;;;;;;
27;18;6;2:43.326;+11.414;+5.245;143.6;6;Precision Racing LA;Am;Legends;GR Cup;Toyota GR86;;;;;;;;;;;;Rutledge;Wood;;;;;;;;;;
28;57;7;2:43.431;+11.519;+0.105;143.5;7;Eagles Canyon Racing Powered by Fast Track;Am;Legends;GR Cup;Toyota GR86;;;;;;;;;;;;Jeff;Curry;;;;;;;;;;
29;3;0;;;;;0;Eagles Canyon Racing Powered by Fast Track;Am;Legends;GR Cup;Toyota GR86;;;;;;;;;;;;Jason;Kos;;;;;;;;;;
